0.000000000000000000e+00 9.190980468750000000e+03 9.634583984375000000e+03
1.000000000000000000e+03 3.675504638671875000e+03 7.176544433593750000e+03
2.000000000000000000e+03 8.361833984375000000e+03 6.951413085937500000e+03
3.000000000000000000e+03 1.221382031250000000e+04 6.943515136718750000e+03
4.000000000000000000e+03 7.602573242187500000e+03 6.928039062500000000e+03
5.000000000000000000e+03 6.955189941406250000e+03 6.909654296875000000e+03
6.000000000000000000e+03 9.133966796875000000e+03 6.894559570312500000e+03
7.000000000000000000e+03 6.986798339843750000e+03 6.877069824218750000e+03
8.000000000000000000e+03 6.739876464843750000e+03 6.861092773437500000e+03
9.000000000000000000e+03 5.648443359375000000e+03 6.844039062500000000e+03
1.000000000000000000e+04 1.213612792968750000e+04 6.820914550781250000e+03
