0.000000000000000000e+00 1.989800390625000000e+04 2.142902734375000000e+04
1.000000000000000000e+03 7.008363281250000000e+03 7.023467773437500000e+03
2.000000000000000000e+03 3.643788330078125000e+03 6.830413085937500000e+03
3.000000000000000000e+03 2.837380615234375000e+03 6.640187988281250000e+03
4.000000000000000000e+03 5.198272949218750000e+03 6.526867675781250000e+03
5.000000000000000000e+03 1.513480224609375000e+03 6.517991210937500000e+03
6.000000000000000000e+03 2.014362915039062500e+03 6.438172363281250000e+03
7.000000000000000000e+03 8.363286132812500000e+03 6.420595703125000000e+03
8.000000000000000000e+03 4.573424316406250000e+03 6.400046875000000000e+03
9.000000000000000000e+03 4.787166992187500000e+03 6.403152343750000000e+03
1.000000000000000000e+04 8.438306640625000000e+03 6.368333984375000000e+03
