0.000000000000000000e+00 9.046760742187500000e+03 7.348037109375000000e+03
1.000000000000000000e+03 6.619108886718750000e+03 5.235032714843750000e+03
2.000000000000000000e+03 6.619107421875000000e+03 5.235017089843750000e+03
3.000000000000000000e+03 6.619127929687500000e+03 5.235954589843750000e+03
4.000000000000000000e+03 6.619106933593750000e+03 5.235016113281250000e+03
5.000000000000000000e+03 6.619106933593750000e+03 5.235037109375000000e+03
6.000000000000000000e+03 6.619209960937500000e+03 5.233074218750000000e+03
7.000000000000000000e+03 6.619106933593750000e+03 5.235012695312500000e+03
8.000000000000000000e+03 6.619114746093750000e+03 5.235570312500000000e+03
9.000000000000000000e+03 6.620049804687500000e+03 5.229740722656250000e+03
1.000000000000000000e+04 6.619106933593750000e+03 5.235009277343750000e+03
