0.000000000000000000e+00 4.689223144531250000e+03 8.296752929687500000e+03
1.000000000000000000e+03 4.328823730468750000e+03 8.010410644531250000e+03
2.000000000000000000e+03 8.495532226562500000e+03 7.847321777343750000e+03
3.000000000000000000e+03 7.235110839843750000e+03 7.709148925781250000e+03
4.000000000000000000e+03 7.432525878906250000e+03 7.581112304687500000e+03
5.000000000000000000e+03 7.138607910156250000e+03 7.497947753906250000e+03
6.000000000000000000e+03 1.157765332031250000e+04 7.480861328125000000e+03
7.000000000000000000e+03 7.665056152343750000e+03 7.407477539062500000e+03
8.000000000000000000e+03 8.311693359375000000e+03 7.377848144531250000e+03
9.000000000000000000e+03 5.175734863281250000e+03 7.358857421875000000e+03
1.000000000000000000e+04 6.054349121093750000e+03 7.333736328125000000e+03
