0.000000000000000000e+00 3.809754296875000000e+04 4.506751562500000000e+04
1.000000000000000000e+03 9.488712890625000000e+03 6.852867187500000000e+03
2.000000000000000000e+03 9.208341796875000000e+03 6.459318359375000000e+03
3.000000000000000000e+03 3.728733154296875000e+03 6.328241210937500000e+03
4.000000000000000000e+03 5.757120117187500000e+03 6.256210449218750000e+03
5.000000000000000000e+03 1.112441601562500000e+04 6.241586425781250000e+03
6.000000000000000000e+03 1.016247851562500000e+04 6.291203613281250000e+03
7.000000000000000000e+03 4.927861816406250000e+03 6.218338378906250000e+03
8.000000000000000000e+03 1.052674707031250000e+04 6.220223144531250000e+03
9.000000000000000000e+03 6.253607910156250000e+03 6.222872070312500000e+03
1.000000000000000000e+04 8.347414062500000000e+03 6.212058105468750000e+03
1.100000000000000000e+04 4.915652343750000000e+03 6.233967285156250000e+03
1.200000000000000000e+04 6.942657226562500000e+03 6.213261718750000000e+03
1.300000000000000000e+04 2.955486572265625000e+03 6.215699218750000000e+03
1.400000000000000000e+04 6.770112304687500000e+03 6.241154296875000000e+03
1.500000000000000000e+04 4.618529785156250000e+03 6.222011718750000000e+03
1.600000000000000000e+04 2.911136474609375000e+03 6.228795898437500000e+03
1.700000000000000000e+04 1.600626367187500000e+04 6.260062011718750000e+03
1.800000000000000000e+04 2.898860595703125000e+03 6.211993652343750000e+03
1.900000000000000000e+04 6.798609375000000000e+03 6.217733398437500000e+03
2.000000000000000000e+04 9.205414062500000000e+03 6.223239746093750000e+03
2.100000000000000000e+04 1.817315795898437500e+03 6.217504394531250000e+03
2.200000000000000000e+04 4.817413574218750000e+03 6.208294921875000000e+03
2.300000000000000000e+04 7.009077148437500000e+03 6.217304687500000000e+03
2.400000000000000000e+04 1.045712011718750000e+04 6.221872070312500000e+03
2.500000000000000000e+04 1.318555957031250000e+04 6.215971679687500000e+03
2.600000000000000000e+04 1.215416113281250000e+04 6.220921386718750000e+03
2.700000000000000000e+04 4.954191894531250000e+03 6.223757812500000000e+03
2.800000000000000000e+04 4.105131835937500000e+03 6.224926757812500000e+03
2.900000000000000000e+04 4.037313720703125000e+03 6.214282714843750000e+03
3.000000000000000000e+04 7.485555664062500000e+03 6.205827636718750000e+03
3.100000000000000000e+04 2.114657958984375000e+03 6.221483398437500000e+03
3.200000000000000000e+04 4.811290527343750000e+03 6.219105468750000000e+03
3.300000000000000000e+04 2.917226074218750000e+03 6.212176757812500000e+03
3.400000000000000000e+04 7.435058593750000000e+03 6.214481445312500000e+03
3.500000000000000000e+04 1.699336303710937500e+03 6.241358886718750000e+03
3.600000000000000000e+04 5.305013671875000000e+03 6.220960449218750000e+03
3.700000000000000000e+04 8.764687500000000000e+03 6.210923828125000000e+03
3.800000000000000000e+04 7.941845214843750000e+03 6.207981445312500000e+03
3.900000000000000000e+04 8.368119140625000000e+03 6.233730957031250000e+03
4.000000000000000000e+04 5.887824218750000000e+03 6.212288085937500000e+03
4.100000000000000000e+04 5.631369628906250000e+03 6.222928222656250000e+03
4.200000000000000000e+04 3.237173828125000000e+03 6.211984863281250000e+03
4.300000000000000000e+04 5.088539550781250000e+03 6.217223632812500000e+03
4.400000000000000000e+04 8.664462890625000000e+03 6.221703125000000000e+03
4.500000000000000000e+04 6.382719726562500000e+03 6.229359863281250000e+03
4.600000000000000000e+04 7.805759277343750000e+03 6.215857910156250000e+03
4.700000000000000000e+04 7.991686035156250000e+03 6.230953613281250000e+03
4.800000000000000000e+04 6.659340820312500000e+03 6.214508300781250000e+03
4.900000000000000000e+04 8.531867187500000000e+03 6.215473632812500000e+03
5.000000000000000000e+04 9.906253906250000000e+03 6.215899902343750000e+03
5.100000000000000000e+04 3.581878906250000000e+03 6.222419921875000000e+03
5.200000000000000000e+04 8.703227539062500000e+03 6.257262207031250000e+03
5.300000000000000000e+04 3.696013183593750000e+03 6.206317871093750000e+03
5.400000000000000000e+04 4.681828125000000000e+03 6.215907226562500000e+03
5.500000000000000000e+04 6.395641601562500000e+03 6.224272949218750000e+03
5.600000000000000000e+04 5.642238281250000000e+03 6.217810546875000000e+03
5.700000000000000000e+04 1.927769897460937500e+03 6.221862304687500000e+03
5.800000000000000000e+04 6.766681152343750000e+03 6.235037597656250000e+03
5.900000000000000000e+04 5.144297851562500000e+03 6.211677246093750000e+03
6.000000000000000000e+04 4.313690429687500000e+03 6.237498535156250000e+03
6.100000000000000000e+04 6.157961914062500000e+03 6.221263183593750000e+03
6.200000000000000000e+04 6.042954589843750000e+03 6.216160156250000000e+03
6.300000000000000000e+04 3.297733642578125000e+03 6.222518554687500000e+03
6.400000000000000000e+04 7.363997070312500000e+03 6.224808593750000000e+03
6.500000000000000000e+04 5.929657226562500000e+03 6.215859375000000000e+03
6.600000000000000000e+04 2.711792480468750000e+03 6.223854980468750000e+03
6.700000000000000000e+04 4.426819824218750000e+03 6.226381347656250000e+03
6.800000000000000000e+04 1.248959960937500000e+04 6.240054199218750000e+03
6.900000000000000000e+04 6.100030273437500000e+03 6.230534179687500000e+03
7.000000000000000000e+04 4.191686523437500000e+03 6.223020996093750000e+03
7.100000000000000000e+04 5.184589843750000000e+03 6.228526367187500000e+03
7.200000000000000000e+04 7.031286621093750000e+03 6.217278320312500000e+03
7.300000000000000000e+04 4.151760253906250000e+03 6.220818359375000000e+03
7.400000000000000000e+04 6.480206054687500000e+03 6.205744140625000000e+03
7.500000000000000000e+04 3.253625244140625000e+03 6.218068847656250000e+03
7.600000000000000000e+04 9.108156250000000000e+03 6.216235351562500000e+03
7.700000000000000000e+04 3.375313964843750000e+03 6.216198730468750000e+03
7.800000000000000000e+04 3.995872558593750000e+03 6.221801269531250000e+03
7.900000000000000000e+04 5.943385742187500000e+03 6.228009765625000000e+03
8.000000000000000000e+04 5.832565429687500000e+03 6.229414550781250000e+03
8.100000000000000000e+04 6.889102539062500000e+03 6.228734863281250000e+03
8.200000000000000000e+04 6.274733398437500000e+03 6.215871582031250000e+03
8.300000000000000000e+04 7.049460937500000000e+03 6.240304199218750000e+03
8.400000000000000000e+04 5.390276367187500000e+03 6.232778320312500000e+03
8.500000000000000000e+04 1.139574316406250000e+04 6.219061035156250000e+03
8.600000000000000000e+04 5.691636718750000000e+03 6.240790039062500000e+03
8.700000000000000000e+04 3.077069091796875000e+03 6.217427734375000000e+03
8.800000000000000000e+04 1.047629394531250000e+04 6.228913574218750000e+03
8.900000000000000000e+04 3.354905761718750000e+03 6.214003906250000000e+03
9.000000000000000000e+04 3.776829345703125000e+03 6.226166015625000000e+03
9.100000000000000000e+04 2.975156982421875000e+03 6.213886718750000000e+03
9.200000000000000000e+04 3.425422607421875000e+03 6.231553222656250000e+03
9.300000000000000000e+04 4.015485595703125000e+03 6.227824707031250000e+03
9.400000000000000000e+04 7.225416503906250000e+03 6.232770019531250000e+03
9.500000000000000000e+04 7.687132812500000000e+03 6.222414550781250000e+03
9.600000000000000000e+04 8.196789062500000000e+03 6.219014648437500000e+03
9.700000000000000000e+04 1.014332128906250000e+04 6.220425781250000000e+03
9.800000000000000000e+04 6.853915039062500000e+03 6.221429199218750000e+03
9.900000000000000000e+04 6.168277832031250000e+03 6.246738281250000000e+03
1.000000000000000000e+05 4.565366210937500000e+03 6.229603027343750000e+03
1.010000000000000000e+05 5.711137207031250000e+03 6.231077636718750000e+03
1.020000000000000000e+05 2.246918701171875000e+03 6.231513671875000000e+03
1.030000000000000000e+05 4.837500000000000000e+03 6.230485839843750000e+03
1.040000000000000000e+05 4.617704101562500000e+03 6.228945312500000000e+03
1.050000000000000000e+05 4.928430664062500000e+03 6.221059082031250000e+03
1.060000000000000000e+05 3.149381591796875000e+03 6.219355468750000000e+03
1.070000000000000000e+05 4.382532714843750000e+03 6.226411621093750000e+03
1.080000000000000000e+05 4.763801757812500000e+03 6.246043945312500000e+03
1.090000000000000000e+05 7.082775878906250000e+03 6.216890625000000000e+03
1.100000000000000000e+05 1.118697558593750000e+04 6.229993652343750000e+03
1.110000000000000000e+05 4.179191894531250000e+03 6.235467285156250000e+03
1.120000000000000000e+05 8.364360351562500000e+03 6.221414550781250000e+03
1.130000000000000000e+05 2.968615234375000000e+03 6.225670410156250000e+03
1.140000000000000000e+05 9.730216796875000000e+03 6.226904296875000000e+03
1.150000000000000000e+05 8.400681640625000000e+03 6.229819824218750000e+03
1.160000000000000000e+05 4.870204101562500000e+03 6.231498046875000000e+03
1.170000000000000000e+05 3.427112060546875000e+03 6.231059082031250000e+03
1.180000000000000000e+05 4.820121093750000000e+03 6.247184082031250000e+03
1.190000000000000000e+05 5.229395019531250000e+03 6.219972656250000000e+03
1.200000000000000000e+05 6.108670410156250000e+03 6.219908203125000000e+03
1.210000000000000000e+05 9.260498046875000000e+03 6.217813964843750000e+03
1.220000000000000000e+05 6.049414062500000000e+03 6.220343261718750000e+03
1.230000000000000000e+05 7.888204589843750000e+03 6.217352539062500000e+03
1.240000000000000000e+05 5.444291503906250000e+03 6.233354003906250000e+03
1.250000000000000000e+05 8.717539062500000000e+03 6.233930175781250000e+03
1.260000000000000000e+05 1.028022363281250000e+04 6.231194824218750000e+03
1.270000000000000000e+05 4.128689941406250000e+03 6.220781250000000000e+03
1.280000000000000000e+05 9.992982421875000000e+03 6.232592773437500000e+03
1.290000000000000000e+05 3.734894531250000000e+03 6.228623535156250000e+03
1.300000000000000000e+05 7.059134277343750000e+03 6.216640136718750000e+03
1.310000000000000000e+05 7.017091308593750000e+03 6.232066406250000000e+03
1.320000000000000000e+05 6.508411621093750000e+03 6.223026367187500000e+03
1.330000000000000000e+05 3.101385009765625000e+03 6.220952636718750000e+03
1.340000000000000000e+05 3.623067626953125000e+03 6.231314453125000000e+03
1.350000000000000000e+05 3.806880371093750000e+03 6.221803710937500000e+03
1.360000000000000000e+05 1.010350195312500000e+04 6.221021972656250000e+03
1.370000000000000000e+05 4.889829589843750000e+03 6.234854492187500000e+03
1.380000000000000000e+05 8.294930664062500000e+03 6.219689941406250000e+03
1.390000000000000000e+05 3.295083496093750000e+03 6.227289550781250000e+03
1.400000000000000000e+05 7.991416992187500000e+03 6.220069335937500000e+03
1.410000000000000000e+05 4.376587890625000000e+03 6.226045410156250000e+03
1.420000000000000000e+05 6.818048339843750000e+03 6.219059570312500000e+03
1.430000000000000000e+05 2.619505126953125000e+03 6.222455078125000000e+03
1.440000000000000000e+05 1.963528686523437500e+03 6.235882812500000000e+03
1.450000000000000000e+05 6.892982910156250000e+03 6.220067871093750000e+03
1.460000000000000000e+05 4.255575195312500000e+03 6.225006835937500000e+03
1.470000000000000000e+05 7.834588867187500000e+03 6.224092773437500000e+03
1.480000000000000000e+05 9.230224609375000000e+03 6.224234375000000000e+03
1.490000000000000000e+05 9.433263671875000000e+03 6.226103027343750000e+03
1.500000000000000000e+05 3.144055908203125000e+03 6.221458007812500000e+03
1.510000000000000000e+05 6.894978027343750000e+03 6.220806152343750000e+03
1.520000000000000000e+05 1.242224121093750000e+04 6.233242675781250000e+03
1.530000000000000000e+05 3.401853027343750000e+03 6.228704589843750000e+03
1.540000000000000000e+05 1.023145507812500000e+04 6.258246093750000000e+03
1.550000000000000000e+05 3.341945312500000000e+03 6.237813476562500000e+03
1.560000000000000000e+05 2.796132080078125000e+03 6.220237792968750000e+03
1.570000000000000000e+05 6.913596679687500000e+03 6.225775390625000000e+03
1.580000000000000000e+05 4.809374023437500000e+03 6.236094238281250000e+03
1.590000000000000000e+05 4.155162109375000000e+03 6.224392578125000000e+03
1.600000000000000000e+05 1.292549218750000000e+04 6.237086914062500000e+03
1.610000000000000000e+05 5.354061035156250000e+03 6.234610351562500000e+03
1.620000000000000000e+05 1.051273730468750000e+04 6.232045410156250000e+03
1.630000000000000000e+05 5.160495117187500000e+03 6.231436523437500000e+03
1.640000000000000000e+05 6.568931152343750000e+03 6.230769042968750000e+03
1.650000000000000000e+05 9.505986328125000000e+02 6.229775390625000000e+03
1.660000000000000000e+05 5.234762695312500000e+03 6.224879882812500000e+03
1.670000000000000000e+05 5.571108398437500000e+03 6.241197265625000000e+03
1.680000000000000000e+05 4.290500976562500000e+03 6.236879882812500000e+03
1.690000000000000000e+05 8.067395507812500000e+03 6.226776367187500000e+03
1.700000000000000000e+05 8.448891601562500000e+03 6.231671386718750000e+03
1.710000000000000000e+05 3.219705566406250000e+03 6.239705078125000000e+03
1.720000000000000000e+05 2.578261474609375000e+03 6.222927734375000000e+03
1.730000000000000000e+05 2.925495605468750000e+03 6.224029785156250000e+03
1.740000000000000000e+05 4.967099609375000000e+03 6.221975585937500000e+03
1.750000000000000000e+05 1.048983984375000000e+04 6.233144531250000000e+03
1.760000000000000000e+05 8.560125976562500000e+03 6.234944824218750000e+03
1.770000000000000000e+05 7.690247070312500000e+03 6.223018554687500000e+03
1.780000000000000000e+05 1.195063476562500000e+04 6.224302246093750000e+03
1.790000000000000000e+05 4.658755371093750000e+03 6.227144042968750000e+03
1.800000000000000000e+05 4.056399902343750000e+03 6.227381347656250000e+03
1.810000000000000000e+05 8.919484375000000000e+03 6.242271972656250000e+03
1.820000000000000000e+05 5.811166992187500000e+03 6.228662109375000000e+03
1.830000000000000000e+05 1.559792480468750000e+03 6.228568359375000000e+03
1.840000000000000000e+05 8.935466796875000000e+03 6.226753417968750000e+03
1.850000000000000000e+05 3.271683105468750000e+03 6.226660644531250000e+03
1.860000000000000000e+05 3.502815917968750000e+03 6.221604980468750000e+03
1.870000000000000000e+05 7.516591308593750000e+03 6.227301757812500000e+03
1.880000000000000000e+05 4.160254882812500000e+03 6.215166015625000000e+03
1.890000000000000000e+05 7.673927246093750000e+03 6.226742675781250000e+03
1.900000000000000000e+05 3.764054687500000000e+03 6.234391601562500000e+03
1.910000000000000000e+05 1.413416894531250000e+04 6.232372070312500000e+03
1.920000000000000000e+05 6.264667968750000000e+03 6.225054199218750000e+03
1.930000000000000000e+05 1.044967773437500000e+04 6.220495605468750000e+03
1.940000000000000000e+05 9.633302734375000000e+03 6.251311523437500000e+03
1.950000000000000000e+05 4.054795654296875000e+03 6.230628417968750000e+03
1.960000000000000000e+05 4.270308593750000000e+03 6.231496582031250000e+03
1.970000000000000000e+05 1.697304077148437500e+03 6.221559082031250000e+03
1.980000000000000000e+05 7.197373535156250000e+03 6.236379394531250000e+03
1.990000000000000000e+05 4.162604492187500000e+03 6.247732910156250000e+03
2.000000000000000000e+05 5.287562500000000000e+03 6.231077148437500000e+03
2.010000000000000000e+05 6.845928710937500000e+03 6.229351074218750000e+03
2.020000000000000000e+05 7.510131835937500000e+03 6.221378906250000000e+03
2.030000000000000000e+05 1.164125292968750000e+04 6.226804687500000000e+03
2.040000000000000000e+05 7.359536621093750000e+03 6.214143554687500000e+03
2.050000000000000000e+05 6.747728027343750000e+03 6.219311035156250000e+03
2.060000000000000000e+05 5.114364746093750000e+03 6.237147949218750000e+03
2.070000000000000000e+05 1.077376562500000000e+04 6.230034179687500000e+03
2.080000000000000000e+05 8.167677246093750000e+03 6.230036132812500000e+03
2.090000000000000000e+05 3.555654785156250000e+03 6.220147949218750000e+03
2.100000000000000000e+05 6.420773437500000000e+03 6.235867187500000000e+03
2.110000000000000000e+05 6.791600585937500000e+03 6.220252441406250000e+03
2.120000000000000000e+05 5.044400878906250000e+03 6.229172851562500000e+03
2.130000000000000000e+05 8.067313964843750000e+03 6.220449218750000000e+03
2.140000000000000000e+05 2.595044921875000000e+03 6.235000488281250000e+03
2.150000000000000000e+05 5.270264648437500000e+03 6.229422851562500000e+03
2.160000000000000000e+05 5.477026367187500000e+03 6.216778320312500000e+03
2.170000000000000000e+05 1.036944921875000000e+04 6.228201660156250000e+03
2.180000000000000000e+05 7.670507812500000000e+03 6.238758300781250000e+03
2.190000000000000000e+05 6.978690429687500000e+03 6.231574707031250000e+03
2.200000000000000000e+05 3.836832031250000000e+03 6.237380859375000000e+03
2.210000000000000000e+05 2.904753906250000000e+03 6.232219238281250000e+03
2.220000000000000000e+05 5.214992187500000000e+03 6.228920410156250000e+03
2.230000000000000000e+05 9.543040039062500000e+03 6.250523925781250000e+03
2.240000000000000000e+05 3.652960449218750000e+03 6.234886230468750000e+03
2.250000000000000000e+05 9.428715820312500000e+03 6.228713378906250000e+03
2.260000000000000000e+05 1.533386230468750000e+04 6.226765136718750000e+03
2.270000000000000000e+05 1.156054882812500000e+04 6.222788085937500000e+03
2.280000000000000000e+05 8.968857421875000000e+03 6.219771484375000000e+03
2.290000000000000000e+05 6.487033203125000000e+03 6.225834472656250000e+03
2.300000000000000000e+05 1.484607666015625000e+03 6.236453613281250000e+03
2.310000000000000000e+05 7.319685058593750000e+03 6.219706542968750000e+03
2.320000000000000000e+05 8.404301757812500000e+03 6.224756835937500000e+03
2.330000000000000000e+05 1.038547167968750000e+04 6.234603027343750000e+03
2.340000000000000000e+05 4.262798339843750000e+03 6.220807617187500000e+03
2.350000000000000000e+05 3.296490234375000000e+03 6.220257812500000000e+03
2.360000000000000000e+05 2.245057128906250000e+03 6.220037597656250000e+03
2.370000000000000000e+05 6.275280273437500000e+03 6.222293457031250000e+03
2.380000000000000000e+05 6.937429687500000000e+03 6.226627441406250000e+03
2.390000000000000000e+05 7.727047851562500000e+03 6.225636230468750000e+03
2.400000000000000000e+05 6.354540527343750000e+03 6.264072753906250000e+03
2.410000000000000000e+05 4.406507812500000000e+03 6.219657714843750000e+03
2.420000000000000000e+05 7.078984375000000000e+03 6.224926757812500000e+03
2.430000000000000000e+05 8.475098632812500000e+03 6.228956054687500000e+03
2.440000000000000000e+05 7.016826660156250000e+03 6.227446289062500000e+03
2.450000000000000000e+05 9.144164062500000000e+03 6.238348144531250000e+03
2.460000000000000000e+05 5.115539550781250000e+03 6.223363769531250000e+03
2.470000000000000000e+05 4.621238281250000000e+03 6.224255859375000000e+03
2.480000000000000000e+05 9.384271484375000000e+03 6.232158691406250000e+03
2.490000000000000000e+05 5.329181640625000000e+03 6.235241210937500000e+03
2.500000000000000000e+05 5.166912597656250000e+03 6.229009765625000000e+03
2.510000000000000000e+05 5.573676757812500000e+03 6.222602050781250000e+03
2.520000000000000000e+05 7.778016601562500000e+03 6.221612792968750000e+03
2.530000000000000000e+05 5.212512695312500000e+03 6.216337890625000000e+03
2.540000000000000000e+05 4.227364257812500000e+03 6.231521972656250000e+03
2.550000000000000000e+05 7.111200195312500000e+03 6.248247558593750000e+03
2.560000000000000000e+05 6.016046386718750000e+03 6.220803222656250000e+03
2.570000000000000000e+05 5.842989746093750000e+03 6.245451171875000000e+03
2.580000000000000000e+05 9.163076171875000000e+03 6.224011718750000000e+03
2.590000000000000000e+05 3.124484375000000000e+03 6.225456054687500000e+03
2.600000000000000000e+05 1.474876757812500000e+04 6.232244140625000000e+03
2.610000000000000000e+05 1.007629785156250000e+04 6.245546386718750000e+03
2.620000000000000000e+05 7.424931152343750000e+03 6.239398925781250000e+03
2.630000000000000000e+05 4.155274414062500000e+03 6.238222167968750000e+03
2.640000000000000000e+05 6.696057128906250000e+03 6.240274902343750000e+03
2.650000000000000000e+05 7.866411132812500000e+03 6.218216308593750000e+03
2.660000000000000000e+05 9.374946289062500000e+03 6.233307617187500000e+03
2.670000000000000000e+05 2.213941162109375000e+03 6.231971679687500000e+03
2.680000000000000000e+05 1.089720507812500000e+04 6.229447265625000000e+03
2.690000000000000000e+05 7.588206054687500000e+03 6.235806152343750000e+03
2.700000000000000000e+05 1.035255273437500000e+04 6.230890625000000000e+03
2.710000000000000000e+05 1.264991015625000000e+04 6.274009765625000000e+03
2.720000000000000000e+05 6.834109375000000000e+03 6.227542480468750000e+03
2.730000000000000000e+05 4.451744140625000000e+03 6.238437011718750000e+03
2.740000000000000000e+05 1.824425781250000000e+03 6.225407714843750000e+03
2.750000000000000000e+05 7.238322753906250000e+03 6.241591796875000000e+03
2.760000000000000000e+05 6.288988281250000000e+03 6.225034179687500000e+03
2.770000000000000000e+05 9.117289062500000000e+03 6.248705566406250000e+03
2.780000000000000000e+05 6.218132812500000000e+03 6.236789062500000000e+03
2.790000000000000000e+05 9.118370117187500000e+03 6.225022949218750000e+03
2.800000000000000000e+05 6.221772460937500000e+03 6.214968750000000000e+03
2.810000000000000000e+05 9.458683593750000000e+03 6.252591796875000000e+03
2.820000000000000000e+05 4.447936035156250000e+03 6.216432617187500000e+03
2.830000000000000000e+05 4.307044921875000000e+03 6.233043457031250000e+03
2.840000000000000000e+05 1.160043164062500000e+04 6.239616699218750000e+03
2.850000000000000000e+05 1.141902929687500000e+04 6.233242187500000000e+03
2.860000000000000000e+05 1.892022216796875000e+03 6.231783203125000000e+03
2.870000000000000000e+05 6.272641113281250000e+03 6.225635253906250000e+03
2.880000000000000000e+05 5.406745605468750000e+03 6.241121093750000000e+03
2.890000000000000000e+05 5.503866699218750000e+03 6.227970214843750000e+03
2.900000000000000000e+05 4.575125488281250000e+03 6.225718750000000000e+03
2.910000000000000000e+05 7.828513183593750000e+03 6.243947265625000000e+03
2.920000000000000000e+05 3.062401855468750000e+03 6.232875976562500000e+03
2.930000000000000000e+05 6.429259277343750000e+03 6.236367675781250000e+03
2.940000000000000000e+05 3.203026123046875000e+03 6.235673828125000000e+03
2.950000000000000000e+05 3.679987060546875000e+03 6.228667480468750000e+03
2.960000000000000000e+05 5.095962402343750000e+03 6.226544921875000000e+03
2.970000000000000000e+05 6.429050292968750000e+03 6.240898925781250000e+03
2.980000000000000000e+05 5.408045898437500000e+03 6.247481445312500000e+03
2.990000000000000000e+05 1.068568164062500000e+04 6.233397460937500000e+03
3.000000000000000000e+05 2.420486816406250000e+03 6.233471191406250000e+03
3.010000000000000000e+05 7.352629882812500000e+03 6.224657714843750000e+03
3.020000000000000000e+05 5.957572265625000000e+03 6.238819824218750000e+03
3.030000000000000000e+05 9.049990234375000000e+03 6.240294433593750000e+03
3.040000000000000000e+05 8.265369140625000000e+03 6.227513183593750000e+03
3.050000000000000000e+05 4.912354492187500000e+03 6.239981445312500000e+03
3.060000000000000000e+05 6.173954101562500000e+03 6.261909667968750000e+03
3.070000000000000000e+05 1.085809179687500000e+04 6.277381835937500000e+03
3.080000000000000000e+05 4.568008300781250000e+03 6.232636230468750000e+03
3.090000000000000000e+05 8.580988281250000000e+03 6.243271972656250000e+03
3.100000000000000000e+05 8.929979492187500000e+03 6.237772949218750000e+03
3.110000000000000000e+05 6.575053710937500000e+03 6.281894531250000000e+03
3.120000000000000000e+05 4.372875976562500000e+03 6.238935546875000000e+03
3.130000000000000000e+05 2.196100585937500000e+03 6.258995117187500000e+03
3.140000000000000000e+05 7.306208007812500000e+03 6.238213378906250000e+03
3.150000000000000000e+05 6.483101074218750000e+03 6.245161621093750000e+03
3.160000000000000000e+05 6.447978515625000000e+03 6.234383789062500000e+03
3.170000000000000000e+05 9.116634765625000000e+03 6.246260742187500000e+03
3.180000000000000000e+05 8.534188476562500000e+03 6.244589843750000000e+03
3.190000000000000000e+05 6.767790039062500000e+03 6.243207519531250000e+03
3.200000000000000000e+05 2.201656250000000000e+03 6.235777343750000000e+03
3.210000000000000000e+05 9.832006835937500000e+03 6.242844726562500000e+03
3.220000000000000000e+05 6.589791992187500000e+03 6.243862792968750000e+03
3.230000000000000000e+05 7.534631835937500000e+03 6.251792968750000000e+03
3.240000000000000000e+05 3.972005126953125000e+03 6.231839355468750000e+03
3.250000000000000000e+05 6.018807617187500000e+03 6.235174804687500000e+03
3.260000000000000000e+05 3.438528564453125000e+03 6.239899902343750000e+03
3.270000000000000000e+05 6.500005859375000000e+03 6.252947753906250000e+03
3.280000000000000000e+05 5.496641113281250000e+03 6.252917968750000000e+03
3.290000000000000000e+05 4.206190429687500000e+03 6.243857421875000000e+03
3.300000000000000000e+05 5.710022460937500000e+03 6.236482421875000000e+03
3.310000000000000000e+05 3.790389404296875000e+03 6.261133789062500000e+03
3.320000000000000000e+05 9.372506835937500000e+03 6.227665039062500000e+03
3.330000000000000000e+05 6.170526367187500000e+03 6.238952636718750000e+03
3.340000000000000000e+05 4.925847656250000000e+03 6.256198730468750000e+03
3.350000000000000000e+05 3.969306152343750000e+03 6.243870117187500000e+03
3.360000000000000000e+05 1.428632226562500000e+04 6.246643554687500000e+03
3.370000000000000000e+05 3.085480224609375000e+03 6.242166503906250000e+03
3.380000000000000000e+05 1.907996826171875000e+03 6.250685546875000000e+03
3.390000000000000000e+05 3.899413574218750000e+03 6.262176269531250000e+03
3.400000000000000000e+05 8.441512695312500000e+03 6.268131347656250000e+03
3.410000000000000000e+05 2.053195068359375000e+03 6.293979980468750000e+03
3.420000000000000000e+05 1.249172949218750000e+04 6.241667968750000000e+03
3.430000000000000000e+05 5.260571289062500000e+03 6.241744140625000000e+03
3.440000000000000000e+05 5.098680175781250000e+03 6.248576171875000000e+03
3.450000000000000000e+05 4.830077148437500000e+03 6.270026367187500000e+03
3.460000000000000000e+05 2.106667968750000000e+03 6.252346679687500000e+03
3.470000000000000000e+05 1.175218164062500000e+04 6.256747070312500000e+03
3.480000000000000000e+05 9.593526367187500000e+03 6.236813476562500000e+03
3.490000000000000000e+05 4.866589843750000000e+03 6.245599121093750000e+03
3.500000000000000000e+05 7.732389648437500000e+03 6.239653808593750000e+03
3.510000000000000000e+05 1.154940917968750000e+04 6.237378906250000000e+03
3.520000000000000000e+05 1.143440136718750000e+04 6.240879394531250000e+03
3.530000000000000000e+05 8.465621093750000000e+03 6.241888671875000000e+03
3.540000000000000000e+05 1.291469726562500000e+04 6.239906738281250000e+03
3.550000000000000000e+05 5.115110351562500000e+03 6.261865234375000000e+03
3.560000000000000000e+05 2.555982910156250000e+03 6.257299316406250000e+03
3.570000000000000000e+05 5.532617187500000000e+03 6.258375488281250000e+03
3.580000000000000000e+05 4.249770507812500000e+03 6.251749511718750000e+03
3.590000000000000000e+05 6.450530761718750000e+03 6.243010253906250000e+03
3.600000000000000000e+05 4.640133300781250000e+03 6.240381347656250000e+03
3.610000000000000000e+05 9.481808593750000000e+03 6.255527343750000000e+03
3.620000000000000000e+05 9.164189453125000000e+03 6.266616699218750000e+03
3.630000000000000000e+05 8.077566406250000000e+03 6.243847656250000000e+03
3.640000000000000000e+05 6.129133789062500000e+03 6.249455078125000000e+03
3.650000000000000000e+05 9.385129882812500000e+03 6.237575683593750000e+03
3.660000000000000000e+05 5.624972167968750000e+03 6.253926269531250000e+03
3.670000000000000000e+05 4.626469726562500000e+03 6.235092285156250000e+03
3.680000000000000000e+05 9.915931640625000000e+03 6.247169921875000000e+03
3.690000000000000000e+05 7.576628906250000000e+03 6.253306152343750000e+03
3.700000000000000000e+05 2.199380126953125000e+03 6.263642578125000000e+03
3.710000000000000000e+05 8.386825195312500000e+03 6.275208007812500000e+03
3.720000000000000000e+05 3.982838378906250000e+03 6.242292480468750000e+03
3.730000000000000000e+05 6.654626464843750000e+03 6.252849121093750000e+03
3.740000000000000000e+05 4.100523437500000000e+03 6.254255859375000000e+03
3.750000000000000000e+05 7.319222656250000000e+03 6.243662109375000000e+03
3.760000000000000000e+05 3.077760253906250000e+03 6.265060058593750000e+03
3.770000000000000000e+05 7.196407714843750000e+03 6.266627929687500000e+03
3.780000000000000000e+05 2.801477539062500000e+03 6.260672851562500000e+03
3.790000000000000000e+05 8.066459960937500000e+03 6.250122558593750000e+03
3.800000000000000000e+05 5.584083496093750000e+03 6.244634765625000000e+03
3.810000000000000000e+05 2.589447021484375000e+03 6.251210937500000000e+03
3.820000000000000000e+05 1.717659179687500000e+03 6.265282714843750000e+03
3.830000000000000000e+05 6.916936523437500000e+03 6.257568359375000000e+03
3.840000000000000000e+05 8.326243164062500000e+03 6.262200195312500000e+03
3.850000000000000000e+05 4.500723144531250000e+03 6.248184082031250000e+03
3.860000000000000000e+05 2.103127685546875000e+03 6.253389648437500000e+03
3.870000000000000000e+05 8.449529296875000000e+03 6.266444824218750000e+03
3.880000000000000000e+05 5.417234375000000000e+03 6.248763671875000000e+03
3.890000000000000000e+05 6.072840820312500000e+03 6.246118164062500000e+03
3.900000000000000000e+05 6.265297851562500000e+03 6.247665039062500000e+03
3.910000000000000000e+05 6.484532226562500000e+03 6.243017089843750000e+03
3.920000000000000000e+05 2.974625732421875000e+03 6.245359863281250000e+03
3.930000000000000000e+05 1.484410644531250000e+03 6.244427246093750000e+03
3.940000000000000000e+05 1.402862988281250000e+04 6.263265136718750000e+03
3.950000000000000000e+05 5.125355468750000000e+03 6.259001464843750000e+03
3.960000000000000000e+05 4.888767089843750000e+03 6.286489257812500000e+03
3.970000000000000000e+05 6.559432128906250000e+03 6.269947753906250000e+03
3.980000000000000000e+05 1.120969726562500000e+04 6.254722656250000000e+03
3.990000000000000000e+05 8.864992187500000000e+03 6.249780761718750000e+03
4.000000000000000000e+05 5.997260742187500000e+03 6.273658691406250000e+03
4.010000000000000000e+05 3.942276855468750000e+03 6.244777343750000000e+03
4.020000000000000000e+05 6.451438476562500000e+03 6.245956054687500000e+03
4.030000000000000000e+05 1.020814941406250000e+04 6.252403808593750000e+03
4.040000000000000000e+05 3.348852294921875000e+03 6.255360839843750000e+03
4.050000000000000000e+05 8.144295410156250000e+03 6.279674804687500000e+03
4.060000000000000000e+05 7.765475585937500000e+03 6.246615722656250000e+03
4.070000000000000000e+05 6.880151367187500000e+03 6.262625488281250000e+03
4.080000000000000000e+05 7.635392089843750000e+03 6.247817871093750000e+03
4.090000000000000000e+05 4.581283691406250000e+03 6.249806152343750000e+03
4.100000000000000000e+05 5.587847167968750000e+03 6.258228515625000000e+03
4.110000000000000000e+05 4.926057617187500000e+03 6.251229492187500000e+03
4.120000000000000000e+05 7.357812500000000000e+03 6.253574707031250000e+03
4.130000000000000000e+05 2.895899902343750000e+03 6.267492187500000000e+03
4.140000000000000000e+05 5.193285156250000000e+03 6.275137695312500000e+03
4.150000000000000000e+05 6.852040527343750000e+03 6.278811035156250000e+03
4.160000000000000000e+05 3.283172607421875000e+03 6.245201171875000000e+03
4.170000000000000000e+05 6.901178222656250000e+03 6.258657714843750000e+03
4.180000000000000000e+05 2.869211669921875000e+03 6.297773437500000000e+03
4.190000000000000000e+05 9.818441406250000000e+03 6.254812500000000000e+03
4.200000000000000000e+05 5.036047851562500000e+03 6.251655273437500000e+03
4.210000000000000000e+05 4.338412109375000000e+03 6.278734375000000000e+03
4.220000000000000000e+05 4.807878417968750000e+03 6.266353027343750000e+03
4.230000000000000000e+05 7.597665039062500000e+03 6.246456054687500000e+03
4.240000000000000000e+05 6.738610351562500000e+03 6.251333007812500000e+03
4.250000000000000000e+05 3.612712158203125000e+03 6.253908691406250000e+03
4.260000000000000000e+05 1.033788964843750000e+04 6.270117675781250000e+03
4.270000000000000000e+05 6.955295898437500000e+03 6.249000976562500000e+03
4.280000000000000000e+05 9.951665039062500000e+02 6.248419433593750000e+03
4.290000000000000000e+05 1.179518652343750000e+04 6.237615234375000000e+03
4.300000000000000000e+05 6.990769531250000000e+03 6.235147460937500000e+03
4.310000000000000000e+05 5.572286132812500000e+03 6.246242187500000000e+03
4.320000000000000000e+05 1.140798144531250000e+04 6.248272460937500000e+03
4.330000000000000000e+05 3.656022705078125000e+03 6.254232421875000000e+03
4.340000000000000000e+05 4.735744628906250000e+03 6.249115234375000000e+03
4.350000000000000000e+05 7.391660156250000000e+03 6.275892578125000000e+03
4.360000000000000000e+05 1.417862695312500000e+04 6.249043457031250000e+03
4.370000000000000000e+05 1.014078417968750000e+04 6.282675781250000000e+03
4.380000000000000000e+05 6.839247558593750000e+03 6.252303710937500000e+03
4.390000000000000000e+05 9.694556640625000000e+03 6.265721679687500000e+03
4.400000000000000000e+05 6.188052734375000000e+03 6.260906250000000000e+03
4.410000000000000000e+05 8.996783203125000000e+03 6.271502441406250000e+03
4.420000000000000000e+05 5.338342773437500000e+03 6.251632812500000000e+03
4.430000000000000000e+05 3.924880371093750000e+03 6.269836914062500000e+03
4.440000000000000000e+05 8.613411132812500000e+03 6.281658691406250000e+03
4.450000000000000000e+05 1.365762500000000000e+04 6.259023437500000000e+03
4.460000000000000000e+05 9.121592773437500000e+03 6.258995605468750000e+03
4.470000000000000000e+05 2.748781738281250000e+03 6.271758300781250000e+03
4.480000000000000000e+05 4.863264648437500000e+03 6.270537597656250000e+03
4.490000000000000000e+05 4.944572265625000000e+03 6.242564941406250000e+03
4.500000000000000000e+05 7.166399414062500000e+03 6.255553222656250000e+03
4.510000000000000000e+05 7.206737304687500000e+03 6.254666992187500000e+03
4.520000000000000000e+05 1.858928955078125000e+03 6.263640625000000000e+03
4.530000000000000000e+05 2.581035400390625000e+03 6.258422851562500000e+03
4.540000000000000000e+05 5.167827636718750000e+03 6.257302734375000000e+03
4.550000000000000000e+05 1.007705175781250000e+04 6.259582519531250000e+03
4.560000000000000000e+05 9.538978515625000000e+03 6.263283203125000000e+03
4.570000000000000000e+05 2.837155761718750000e+03 6.247008789062500000e+03
4.580000000000000000e+05 1.143838183593750000e+04 6.265488769531250000e+03
4.590000000000000000e+05 6.246561523437500000e+03 6.288473144531250000e+03
4.600000000000000000e+05 6.184754882812500000e+03 6.266863769531250000e+03
4.610000000000000000e+05 4.573350097656250000e+03 6.257310058593750000e+03
4.620000000000000000e+05 1.219587890625000000e+04 6.270406250000000000e+03
4.630000000000000000e+05 9.242420898437500000e+03 6.251671875000000000e+03
4.640000000000000000e+05 4.822317382812500000e+03 6.257363769531250000e+03
4.650000000000000000e+05 3.208735839843750000e+03 6.254165039062500000e+03
4.660000000000000000e+05 8.337323242187500000e+03 6.255502441406250000e+03
4.670000000000000000e+05 5.082341308593750000e+03 6.283202148437500000e+03
4.680000000000000000e+05 9.501018554687500000e+03 6.245269531250000000e+03
4.690000000000000000e+05 6.242937011718750000e+03 6.258568359375000000e+03
4.700000000000000000e+05 9.885560546875000000e+03 6.253175781250000000e+03
4.710000000000000000e+05 7.026532714843750000e+03 6.259762695312500000e+03
4.720000000000000000e+05 7.274093750000000000e+03 6.302772949218750000e+03
4.730000000000000000e+05 4.654139648437500000e+03 6.263606933593750000e+03
4.740000000000000000e+05 3.971487060546875000e+03 6.278998046875000000e+03
4.750000000000000000e+05 6.726392089843750000e+03 6.252037109375000000e+03
4.760000000000000000e+05 2.847600585937500000e+03 6.258931152343750000e+03
4.770000000000000000e+05 1.232802539062500000e+04 6.273513183593750000e+03
4.780000000000000000e+05 9.159026367187500000e+03 6.245469726562500000e+03
4.790000000000000000e+05 7.085151367187500000e+03 6.244159667968750000e+03
4.800000000000000000e+05 5.298280273437500000e+03 6.244973632812500000e+03
4.810000000000000000e+05 6.234676757812500000e+03 6.262588867187500000e+03
4.820000000000000000e+05 3.566491699218750000e+03 6.272562011718750000e+03
4.830000000000000000e+05 5.816594726562500000e+03 6.257003906250000000e+03
4.840000000000000000e+05 8.165967773437500000e+03 6.280655273437500000e+03
4.850000000000000000e+05 7.192155273437500000e+03 6.247738281250000000e+03
4.860000000000000000e+05 3.934978515625000000e+03 6.264280761718750000e+03
4.870000000000000000e+05 3.160248535156250000e+03 6.269941406250000000e+03
4.880000000000000000e+05 7.598595214843750000e+03 6.262945800781250000e+03
4.890000000000000000e+05 6.522467773437500000e+03 6.248820312500000000e+03
4.900000000000000000e+05 4.616014160156250000e+03 6.247564941406250000e+03
4.910000000000000000e+05 2.791540771484375000e+03 6.258488281250000000e+03
4.920000000000000000e+05 1.111664843750000000e+04 6.283289550781250000e+03
4.930000000000000000e+05 7.390020507812500000e+03 6.261682617187500000e+03
4.940000000000000000e+05 1.349414257812500000e+04 6.245464843750000000e+03
4.950000000000000000e+05 7.066972656250000000e+03 6.261335937500000000e+03
4.960000000000000000e+05 1.521139062500000000e+04 6.261753417968750000e+03
4.970000000000000000e+05 6.254287597656250000e+03 6.255871093750000000e+03
4.980000000000000000e+05 3.144935546875000000e+03 6.267816406250000000e+03
4.990000000000000000e+05 7.348858398437500000e+03 6.244915039062500000e+03
5.000000000000000000e+05 4.348116210937500000e+03 6.255680175781250000e+03
