0.000000000000000000e+00 7.186697753906250000e+03 8.521710937500000000e+03
1.000000000000000000e+03 6.372733398437500000e+03 8.353500000000000000e+03
2.000000000000000000e+03 1.244539648437500000e+04 8.332150390625000000e+03
3.000000000000000000e+03 6.006364746093750000e+03 8.312114257812500000e+03
4.000000000000000000e+03 5.321034179687500000e+03 8.292334960937500000e+03
5.000000000000000000e+03 4.813028320312500000e+03 8.273385742187500000e+03
6.000000000000000000e+03 3.279973388671875000e+03 8.254724609375000000e+03
7.000000000000000000e+03 5.771158691406250000e+03 8.237368164062500000e+03
8.000000000000000000e+03 7.971041992187500000e+03 8.220294921875000000e+03
9.000000000000000000e+03 1.086544824218750000e+04 8.203762695312500000e+03
1.000000000000000000e+04 4.810433593750000000e+03 8.188187011718750000e+03
1.100000000000000000e+04 7.378370117187500000e+03 8.172820312500000000e+03
1.200000000000000000e+04 4.169523925781250000e+03 8.158063476562500000e+03
1.300000000000000000e+04 7.990893554687500000e+03 8.143020996093750000e+03
1.400000000000000000e+04 7.146720214843750000e+03 8.129927734375000000e+03
1.500000000000000000e+04 7.270246093750000000e+03 8.116452636718750000e+03
1.600000000000000000e+04 1.042612207031250000e+04 8.103993164062500000e+03
1.700000000000000000e+04 8.057296875000000000e+03 8.091147949218750000e+03
1.800000000000000000e+04 4.706581542968750000e+03 8.079622558593750000e+03
1.900000000000000000e+04 7.844962402343750000e+03 8.068104003906250000e+03
2.000000000000000000e+04 9.144056640625000000e+03 8.056337890625000000e+03
2.100000000000000000e+04 1.443744335937500000e+04 8.045219726562500000e+03
2.200000000000000000e+04 6.180219238281250000e+03 8.034812988281250000e+03
2.300000000000000000e+04 8.744156250000000000e+03 8.024416992187500000e+03
2.400000000000000000e+04 1.025978906250000000e+04 8.014713378906250000e+03
2.500000000000000000e+04 1.018223632812500000e+04 8.005075195312500000e+03
2.600000000000000000e+04 5.489070800781250000e+03 7.996284179687500000e+03
2.700000000000000000e+04 8.561979492187500000e+03 7.986313476562500000e+03
2.800000000000000000e+04 1.567809667968750000e+04 7.977672363281250000e+03
2.900000000000000000e+04 9.780237304687500000e+03 7.968244628906250000e+03
3.000000000000000000e+04 5.900584472656250000e+03 7.960058593750000000e+03
3.100000000000000000e+04 5.817240722656250000e+03 7.952165527343750000e+03
3.200000000000000000e+04 6.130801269531250000e+03 7.943926757812500000e+03
3.300000000000000000e+04 6.594946777343750000e+03 7.935513671875000000e+03
3.400000000000000000e+04 6.890572753906250000e+03 7.927420410156250000e+03
3.500000000000000000e+04 3.620672363281250000e+03 7.920659179687500000e+03
3.600000000000000000e+04 1.323145605468750000e+04 7.912601074218750000e+03
3.700000000000000000e+04 8.425314453125000000e+03 7.905080078125000000e+03
3.800000000000000000e+04 3.600194824218750000e+03 7.897776855468750000e+03
3.900000000000000000e+04 8.684424804687500000e+03 7.890636718750000000e+03
4.000000000000000000e+04 1.484969238281250000e+04 7.883755371093750000e+03
4.100000000000000000e+04 5.889347656250000000e+03 7.876726074218750000e+03
4.200000000000000000e+04 6.600128906250000000e+03 7.869750000000000000e+03
4.300000000000000000e+04 7.887946289062500000e+03 7.863270996093750000e+03
4.400000000000000000e+04 8.837414062500000000e+03 7.856515136718750000e+03
4.500000000000000000e+04 8.269990234375000000e+03 7.849984375000000000e+03
4.600000000000000000e+04 3.931115966796875000e+03 7.844055175781250000e+03
4.700000000000000000e+04 6.059491210937500000e+03 7.837260253906250000e+03
4.800000000000000000e+04 4.440361816406250000e+03 7.831043945312500000e+03
4.900000000000000000e+04 8.778069335937500000e+03 7.825000488281250000e+03
5.000000000000000000e+04 4.972444335937500000e+03 7.819637695312500000e+03
5.100000000000000000e+04 4.320571777343750000e+03 7.812577636718750000e+03
5.200000000000000000e+04 1.408352783203125000e+03 7.807017578125000000e+03
5.300000000000000000e+04 3.941807128906250000e+03 7.801702148437500000e+03
5.400000000000000000e+04 3.354826904296875000e+03 7.795103515625000000e+03
5.500000000000000000e+04 1.281828491210937500e+03 7.792619140625000000e+03
5.600000000000000000e+04 5.356887695312500000e+03 7.784855468750000000e+03
5.700000000000000000e+04 8.552221679687500000e+03 7.778236328125000000e+03
5.800000000000000000e+04 6.961712402343750000e+03 7.774217773437500000e+03
5.900000000000000000e+04 9.385354492187500000e+03 7.768302734375000000e+03
6.000000000000000000e+04 4.941579101562500000e+03 7.762144042968750000e+03
6.100000000000000000e+04 9.135185546875000000e+03 7.757134765625000000e+03
6.200000000000000000e+04 8.695929687500000000e+03 7.752229492187500000e+03
6.300000000000000000e+04 4.162861816406250000e+03 7.746903808593750000e+03
6.400000000000000000e+04 6.865965820312500000e+03 7.741767578125000000e+03
6.500000000000000000e+04 4.736236328125000000e+03 7.737540039062500000e+03
6.600000000000000000e+04 7.449604492187500000e+03 7.732289062500000000e+03
6.700000000000000000e+04 6.559833007812500000e+03 7.728655273437500000e+03
6.800000000000000000e+04 3.746228027343750000e+03 7.724388183593750000e+03
6.900000000000000000e+04 3.627828613281250000e+03 7.718166503906250000e+03
7.000000000000000000e+04 1.006829785156250000e+04 7.712803222656250000e+03
7.100000000000000000e+04 6.502710937500000000e+03 7.708303710937500000e+03
7.200000000000000000e+04 2.987644531250000000e+03 7.705344726562500000e+03
7.300000000000000000e+04 8.342228515625000000e+03 7.699061035156250000e+03
7.400000000000000000e+04 2.363614746093750000e+03 7.695518066406250000e+03
7.500000000000000000e+04 1.310576416015625000e+03 7.691545898437500000e+03
7.600000000000000000e+04 3.079587402343750000e+03 7.686410644531250000e+03
7.700000000000000000e+04 2.273418945312500000e+03 7.682753906250000000e+03
7.800000000000000000e+04 6.842493164062500000e+03 7.678502929687500000e+03
7.900000000000000000e+04 5.160562500000000000e+03 7.673374023437500000e+03
8.000000000000000000e+04 1.012148242187500000e+04 7.669537597656250000e+03
8.100000000000000000e+04 4.329634277343750000e+03 7.665450195312500000e+03
8.200000000000000000e+04 6.657544433593750000e+03 7.661583007812500000e+03
8.300000000000000000e+04 9.030684570312500000e+03 7.657235839843750000e+03
8.400000000000000000e+04 7.001675781250000000e+03 7.653810546875000000e+03
8.500000000000000000e+04 5.904799316406250000e+03 7.649763671875000000e+03
8.600000000000000000e+04 2.222260742187500000e+03 7.645983398437500000e+03
8.700000000000000000e+04 7.935860839843750000e+03 7.641525878906250000e+03
8.800000000000000000e+04 7.328718750000000000e+03 7.638154785156250000e+03
8.900000000000000000e+04 4.478000976562500000e+03 7.635863769531250000e+03
9.000000000000000000e+04 4.295175292968750000e+03 7.630458496093750000e+03
9.100000000000000000e+04 1.684077148437500000e+03 7.626076660156250000e+03
9.200000000000000000e+04 2.917632324218750000e+03 7.624687011718750000e+03
9.300000000000000000e+04 3.675404296875000000e+03 7.618969726562500000e+03
9.400000000000000000e+04 6.665357910156250000e+03 7.615590332031250000e+03
9.500000000000000000e+04 8.138717773437500000e+03 7.612350585937500000e+03
9.600000000000000000e+04 4.384867187500000000e+03 7.607684570312500000e+03
9.700000000000000000e+04 9.650722656250000000e+03 7.604973144531250000e+03
9.800000000000000000e+04 8.197243164062500000e+03 7.602795410156250000e+03
9.900000000000000000e+04 5.489378906250000000e+03 7.597198730468750000e+03
1.000000000000000000e+05 4.418616699218750000e+03 7.594357910156250000e+03
