0.000000000000000000e+00 8.326536132812500000e+03 8.461077148437500000e+03
1.000000000000000000e+03 2.825746582031250000e+03 8.175037597656250000e+03
2.000000000000000000e+03 9.644397460937500000e+03 8.125620117187500000e+03
3.000000000000000000e+03 1.116776269531250000e+04 8.076495117187500000e+03
4.000000000000000000e+03 1.175047070312500000e+04 8.037150390625000000e+03
5.000000000000000000e+03 9.273839843750000000e+03 8.007129394531250000e+03
6.000000000000000000e+03 1.086338574218750000e+04 7.969224121093750000e+03
7.000000000000000000e+03 1.202457128906250000e+04 7.936159667968750000e+03
8.000000000000000000e+03 3.779192138671875000e+03 7.902632324218750000e+03
9.000000000000000000e+03 2.473172363281250000e+03 7.877437500000000000e+03
1.000000000000000000e+04 4.272091308593750000e+03 7.844162597656250000e+03
1.100000000000000000e+04 6.031651367187500000e+03 7.823583984375000000e+03
1.200000000000000000e+04 6.113081054687500000e+03 7.793873535156250000e+03
1.300000000000000000e+04 1.989257568359375000e+03 7.772489257812500000e+03
1.400000000000000000e+04 9.001618164062500000e+03 7.746300781250000000e+03
1.500000000000000000e+04 5.094377929687500000e+03 7.722208007812500000e+03
1.600000000000000000e+04 9.194768554687500000e+03 7.701346679687500000e+03
1.700000000000000000e+04 1.174004101562500000e+04 7.680144042968750000e+03
1.800000000000000000e+04 7.644803222656250000e+03 7.657888183593750000e+03
1.900000000000000000e+04 2.346388183593750000e+03 7.639525390625000000e+03
2.000000000000000000e+04 7.871904785156250000e+03 7.624566406250000000e+03
2.100000000000000000e+04 1.046510839843750000e+04 7.602957031250000000e+03
2.200000000000000000e+04 1.136672363281250000e+04 7.583447265625000000e+03
2.300000000000000000e+04 9.007583007812500000e+03 7.570290527343750000e+03
2.400000000000000000e+04 2.294171630859375000e+03 7.553369140625000000e+03
2.500000000000000000e+04 1.170135937500000000e+04 7.532448730468750000e+03
2.600000000000000000e+04 8.940482421875000000e+03 7.520841796875000000e+03
2.700000000000000000e+04 2.644321044921875000e+03 7.500012207031250000e+03
2.800000000000000000e+04 8.566593750000000000e+03 7.484735839843750000e+03
2.900000000000000000e+04 5.216070312500000000e+03 7.469380371093750000e+03
3.000000000000000000e+04 9.165646484375000000e+03 7.456468750000000000e+03
3.100000000000000000e+04 2.221391845703125000e+03 7.435381835937500000e+03
3.200000000000000000e+04 1.115127929687500000e+04 7.420369628906250000e+03
3.300000000000000000e+04 3.056842285156250000e+03 7.412263671875000000e+03
3.400000000000000000e+04 3.663321533203125000e+03 7.389263183593750000e+03
3.500000000000000000e+04 6.564610839843750000e+03 7.374849121093750000e+03
3.600000000000000000e+04 5.966424804687500000e+03 7.362543945312500000e+03
3.700000000000000000e+04 4.298517089843750000e+03 7.344360839843750000e+03
3.800000000000000000e+04 4.837932128906250000e+03 7.325323730468750000e+03
3.900000000000000000e+04 6.211160156250000000e+03 7.310069335937500000e+03
4.000000000000000000e+04 5.731273437500000000e+03 7.293671386718750000e+03
4.100000000000000000e+04 6.318718750000000000e+03 7.273083007812500000e+03
4.200000000000000000e+04 9.741975585937500000e+03 7.254902832031250000e+03
4.300000000000000000e+04 8.832283203125000000e+03 7.245541992187500000e+03
4.400000000000000000e+04 1.050299414062500000e+04 7.217499511718750000e+03
4.500000000000000000e+04 7.521539062500000000e+03 7.199196777343750000e+03
4.600000000000000000e+04 6.361406250000000000e+03 7.175676269531250000e+03
4.700000000000000000e+04 1.217808691406250000e+04 7.154825195312500000e+03
4.800000000000000000e+04 8.287087890625000000e+03 7.132745605468750000e+03
4.900000000000000000e+04 5.148674316406250000e+03 7.107887207031250000e+03
5.000000000000000000e+04 1.648303344726562500e+03 7.089696289062500000e+03
5.100000000000000000e+04 4.854091308593750000e+03 7.064266601562500000e+03
5.200000000000000000e+04 5.716713378906250000e+03 7.044314941406250000e+03
5.300000000000000000e+04 4.827718261718750000e+03 7.025650390625000000e+03
5.400000000000000000e+04 1.133713867187500000e+04 7.004742675781250000e+03
5.500000000000000000e+04 3.932077636718750000e+03 6.981163085937500000e+03
5.600000000000000000e+04 8.409023437500000000e+03 6.958154296875000000e+03
5.700000000000000000e+04 8.989946289062500000e+03 6.938309570312500000e+03
5.800000000000000000e+04 8.908177734375000000e+03 6.917441406250000000e+03
5.900000000000000000e+04 1.255258398437500000e+04 6.894252441406250000e+03
6.000000000000000000e+04 2.956674560546875000e+03 6.881495117187500000e+03
6.100000000000000000e+04 8.627741210937500000e+03 6.853692871093750000e+03
6.200000000000000000e+04 9.835966796875000000e+03 6.837904785156250000e+03
6.300000000000000000e+04 9.845410156250000000e+03 6.814187011718750000e+03
6.400000000000000000e+04 5.660606445312500000e+03 6.796691894531250000e+03
6.500000000000000000e+04 4.156482421875000000e+03 6.779551269531250000e+03
6.600000000000000000e+04 6.435338378906250000e+03 6.759666992187500000e+03
6.700000000000000000e+04 8.450099609375000000e+03 6.743927734375000000e+03
6.800000000000000000e+04 9.624641601562500000e+03 6.731201171875000000e+03
6.900000000000000000e+04 8.635274414062500000e+03 6.719256347656250000e+03
7.000000000000000000e+04 1.680122656250000000e+04 6.701215820312500000e+03
7.100000000000000000e+04 8.271024414062500000e+03 6.682968750000000000e+03
7.200000000000000000e+04 6.826743652343750000e+03 6.675202636718750000e+03
7.300000000000000000e+04 5.071611816406250000e+03 6.667137207031250000e+03
7.400000000000000000e+04 4.681920898437500000e+03 6.646528320312500000e+03
7.500000000000000000e+04 5.535535644531250000e+03 6.641684082031250000e+03
7.600000000000000000e+04 7.796625000000000000e+03 6.629011718750000000e+03
7.700000000000000000e+04 1.181713476562500000e+04 6.622474121093750000e+03
7.800000000000000000e+04 2.666869140625000000e+03 6.609949707031250000e+03
7.900000000000000000e+04 4.593024414062500000e+03 6.600014160156250000e+03
8.000000000000000000e+04 3.255710937500000000e+03 6.591177734375000000e+03
8.100000000000000000e+04 2.742481689453125000e+03 6.583016113281250000e+03
8.200000000000000000e+04 7.930514648437500000e+03 6.580434570312500000e+03
8.300000000000000000e+04 6.768881347656250000e+03 6.568541503906250000e+03
8.400000000000000000e+04 6.454196289062500000e+03 6.566022460937500000e+03
8.500000000000000000e+04 1.104450000000000000e+04 6.558574707031250000e+03
8.600000000000000000e+04 8.556240234375000000e+03 6.552578613281250000e+03
8.700000000000000000e+04 7.719842285156250000e+03 6.547184082031250000e+03
8.800000000000000000e+04 8.144438964843750000e+03 6.540622070312500000e+03
8.900000000000000000e+04 4.216915039062500000e+03 6.534710449218750000e+03
9.000000000000000000e+04 9.014246093750000000e+03 6.528119628906250000e+03
9.100000000000000000e+04 4.713736816406250000e+03 6.524606445312500000e+03
9.200000000000000000e+04 5.988604003906250000e+03 6.517236816406250000e+03
9.300000000000000000e+04 5.343157226562500000e+03 6.515240722656250000e+03
9.400000000000000000e+04 1.209822998046875000e+03 6.505406250000000000e+03
9.500000000000000000e+04 7.378264648437500000e+03 6.507423339843750000e+03
9.600000000000000000e+04 1.293380664062500000e+04 6.495495605468750000e+03
9.700000000000000000e+04 3.444130126953125000e+03 6.494337890625000000e+03
9.800000000000000000e+04 9.941927734375000000e+03 6.494269531250000000e+03
9.900000000000000000e+04 6.268262695312500000e+03 6.485035156250000000e+03
1.000000000000000000e+05 3.438817138671875000e+03 6.479738281250000000e+03
