0.000000000000000000e+00 2.939594726562500000e+03 3.019443603515625000e+03
1.000000000000000000e+03 4.662661743164062500e+02 1.413367675781250000e+03
2.000000000000000000e+03 1.209825927734375000e+03 1.347936035156250000e+03
3.000000000000000000e+03 7.954487304687500000e+02 1.340092773437500000e+03
4.000000000000000000e+03 2.080414306640625000e+03 1.338621215820312500e+03
5.000000000000000000e+03 1.666440307617187500e+03 1.342104858398437500e+03
6.000000000000000000e+03 1.656627197265625000e+03 1.347750122070312500e+03
7.000000000000000000e+03 7.463393554687500000e+02 1.335954345703125000e+03
8.000000000000000000e+03 1.793294677734375000e+03 1.334953002929687500e+03
9.000000000000000000e+03 1.834150268554687500e+03 1.335189819335937500e+03
1.000000000000000000e+04 9.728643798828125000e+02 1.334787963867187500e+03
