0.000000000000000000e+00 1.064166015625000000e+04 1.151533496093750000e+04
1.000000000000000000e+03 2.602890380859375000e+03 7.477364746093750000e+03
2.000000000000000000e+03 5.229223632812500000e+03 7.307119628906250000e+03
3.000000000000000000e+03 5.103867675781250000e+03 7.173389648437500000e+03
4.000000000000000000e+03 5.534573242187500000e+03 7.148738769531250000e+03
5.000000000000000000e+03 3.790063232421875000e+03 7.111249511718750000e+03
6.000000000000000000e+03 3.818079345703125000e+03 7.092579589843750000e+03
7.000000000000000000e+03 5.751733398437500000e+03 7.087512695312500000e+03
8.000000000000000000e+03 2.591115478515625000e+03 7.077769531250000000e+03
9.000000000000000000e+03 9.770211914062500000e+03 7.043711914062500000e+03
1.000000000000000000e+04 4.008188232421875000e+03 7.030632324218750000e+03
1.100000000000000000e+04 2.471028808593750000e+03 7.018696777343750000e+03
1.200000000000000000e+04 3.717446533203125000e+03 7.028176757812500000e+03
1.300000000000000000e+04 8.250409179687500000e+03 6.996479980468750000e+03
1.400000000000000000e+04 5.591750976562500000e+03 6.986275390625000000e+03
1.500000000000000000e+04 1.113503222656250000e+04 6.980877929687500000e+03
1.600000000000000000e+04 9.108166015625000000e+03 6.976551757812500000e+03
1.700000000000000000e+04 2.538129638671875000e+03 6.965318847656250000e+03
1.800000000000000000e+04 1.121912695312500000e+04 6.955249023437500000e+03
1.900000000000000000e+04 6.978469726562500000e+03 6.944971191406250000e+03
2.000000000000000000e+04 3.061080078125000000e+03 6.947067382812500000e+03
2.100000000000000000e+04 5.252703613281250000e+03 6.935878906250000000e+03
2.200000000000000000e+04 6.793665527343750000e+03 6.924525390625000000e+03
2.300000000000000000e+04 1.715692749023437500e+03 6.919897949218750000e+03
2.400000000000000000e+04 7.146264160156250000e+03 6.923282714843750000e+03
2.500000000000000000e+04 8.271759765625000000e+03 6.909274902343750000e+03
2.600000000000000000e+04 7.917421875000000000e+03 6.904835449218750000e+03
2.700000000000000000e+04 4.020611816406250000e+03 6.903306640625000000e+03
2.800000000000000000e+04 1.141272070312500000e+04 6.909282714843750000e+03
2.900000000000000000e+04 4.909523925781250000e+03 6.900830078125000000e+03
3.000000000000000000e+04 6.002329589843750000e+03 6.895798339843750000e+03
3.100000000000000000e+04 1.072089843750000000e+03 6.888794921875000000e+03
3.200000000000000000e+04 7.889740722656250000e+03 6.896738281250000000e+03
3.300000000000000000e+04 1.045245117187500000e+04 6.883150390625000000e+03
3.400000000000000000e+04 9.282496093750000000e+03 6.880734863281250000e+03
3.500000000000000000e+04 8.476102539062500000e+03 6.878569335937500000e+03
3.600000000000000000e+04 4.724009765625000000e+03 6.877105468750000000e+03
3.700000000000000000e+04 8.145647460937500000e+03 6.876272949218750000e+03
3.800000000000000000e+04 1.458422949218750000e+04 6.879010253906250000e+03
3.900000000000000000e+04 2.486177246093750000e+03 6.874942871093750000e+03
4.000000000000000000e+04 1.181812695312500000e+04 6.873257324218750000e+03
4.100000000000000000e+04 9.728330078125000000e+03 6.873003906250000000e+03
4.200000000000000000e+04 5.326004882812500000e+03 6.876447753906250000e+03
4.300000000000000000e+04 3.667918701171875000e+03 6.873229492187500000e+03
4.400000000000000000e+04 7.974212402343750000e+03 6.876073242187500000e+03
4.500000000000000000e+04 7.678435058593750000e+03 6.870581054687500000e+03
4.600000000000000000e+04 4.240446289062500000e+03 6.881385742187500000e+03
4.700000000000000000e+04 9.834410156250000000e+03 6.870085449218750000e+03
4.800000000000000000e+04 9.189405273437500000e+03 6.871474121093750000e+03
4.900000000000000000e+04 8.559919921875000000e+03 6.872078613281250000e+03
5.000000000000000000e+04 7.805981933593750000e+03 6.868009765625000000e+03
5.100000000000000000e+04 5.329368652343750000e+03 6.868172851562500000e+03
5.200000000000000000e+04 7.349891601562500000e+03 6.870787109375000000e+03
5.300000000000000000e+04 7.797247070312500000e+03 6.869810546875000000e+03
5.400000000000000000e+04 6.149420898437500000e+03 6.881532226562500000e+03
5.500000000000000000e+04 2.850143554687500000e+03 6.869893554687500000e+03
5.600000000000000000e+04 3.119195312500000000e+03 6.870150390625000000e+03
5.700000000000000000e+04 8.383531250000000000e+03 6.868976074218750000e+03
5.800000000000000000e+04 6.189184082031250000e+03 6.868567382812500000e+03
5.900000000000000000e+04 9.850049804687500000e+03 6.869664062500000000e+03
6.000000000000000000e+04 3.400350830078125000e+03 6.893895996093750000e+03
6.100000000000000000e+04 4.462804687500000000e+03 6.867819824218750000e+03
6.200000000000000000e+04 6.228007812500000000e+03 6.868004394531250000e+03
6.300000000000000000e+04 5.669807617187500000e+03 6.867808593750000000e+03
6.400000000000000000e+04 9.021019531250000000e+03 6.871206054687500000e+03
6.500000000000000000e+04 7.380386718750000000e+03 6.868797363281250000e+03
6.600000000000000000e+04 2.558983398437500000e+03 6.869739746093750000e+03
6.700000000000000000e+04 4.936809570312500000e+03 6.866109375000000000e+03
6.800000000000000000e+04 1.193041503906250000e+04 6.871685546875000000e+03
6.900000000000000000e+04 1.240418164062500000e+04 6.866446777343750000e+03
7.000000000000000000e+04 5.785799804687500000e+03 6.867326660156250000e+03
7.100000000000000000e+04 2.270137939453125000e+03 6.867489257812500000e+03
7.200000000000000000e+04 4.780952148437500000e+03 6.867446289062500000e+03
7.300000000000000000e+04 7.837911621093750000e+03 6.875598632812500000e+03
7.400000000000000000e+04 1.250498535156250000e+04 6.876122070312500000e+03
7.500000000000000000e+04 4.241768066406250000e+03 6.874888671875000000e+03
7.600000000000000000e+04 1.049384179687500000e+04 6.881026367187500000e+03
7.700000000000000000e+04 4.233249023437500000e+03 6.867018554687500000e+03
7.800000000000000000e+04 3.877655029296875000e+03 6.868053222656250000e+03
7.900000000000000000e+04 1.214551025390625000e+03 6.867840332031250000e+03
8.000000000000000000e+04 2.375056396484375000e+03 6.868845703125000000e+03
8.100000000000000000e+04 5.038691894531250000e+03 6.871527832031250000e+03
8.200000000000000000e+04 8.327677734375000000e+03 6.867104492187500000e+03
8.300000000000000000e+04 3.505247558593750000e+03 6.872573242187500000e+03
8.400000000000000000e+04 2.945208007812500000e+03 6.869448242187500000e+03
8.500000000000000000e+04 6.401533203125000000e+03 6.869968750000000000e+03
8.600000000000000000e+04 3.889923828125000000e+03 6.869426757812500000e+03
8.700000000000000000e+04 6.624309570312500000e+03 6.869025878906250000e+03
8.800000000000000000e+04 3.891301513671875000e+03 6.870416503906250000e+03
8.900000000000000000e+04 2.453033691406250000e+03 6.871492187500000000e+03
9.000000000000000000e+04 3.642333984375000000e+03 6.869180175781250000e+03
9.100000000000000000e+04 4.441469238281250000e+03 6.867978515625000000e+03
9.200000000000000000e+04 3.583562011718750000e+03 6.869267089843750000e+03
9.300000000000000000e+04 1.124996875000000000e+04 6.868973144531250000e+03
9.400000000000000000e+04 6.770640625000000000e+03 6.870802734375000000e+03
9.500000000000000000e+04 3.527035156250000000e+03 6.869703125000000000e+03
9.600000000000000000e+04 7.405096191406250000e+03 6.871187500000000000e+03
9.700000000000000000e+04 4.481221679687500000e+03 6.868687988281250000e+03
9.800000000000000000e+04 5.171203125000000000e+03 6.869166015625000000e+03
9.900000000000000000e+04 7.594782226562500000e+03 6.868727050781250000e+03
1.000000000000000000e+05 4.182823242187500000e+03 6.872295898437500000e+03
1.010000000000000000e+05 4.710574218750000000e+03 6.872937500000000000e+03
1.020000000000000000e+05 9.265579101562500000e+03 6.889031738281250000e+03
1.030000000000000000e+05 5.839762207031250000e+03 6.868577148437500000e+03
1.040000000000000000e+05 7.103553222656250000e+03 6.869450195312500000e+03
1.050000000000000000e+05 4.549933593750000000e+03 6.869679687500000000e+03
1.060000000000000000e+05 8.598438476562500000e+03 6.869781250000000000e+03
1.070000000000000000e+05 2.601815917968750000e+03 6.877445312500000000e+03
1.080000000000000000e+05 8.228402343750000000e+03 6.869651367187500000e+03
1.090000000000000000e+05 2.730174316406250000e+03 6.870901367187500000e+03
1.100000000000000000e+05 2.986861816406250000e+03 6.872086425781250000e+03
1.110000000000000000e+05 8.060923339843750000e+03 6.870791992187500000e+03
1.120000000000000000e+05 4.991868164062500000e+03 6.870260742187500000e+03
1.130000000000000000e+05 4.418403320312500000e+03 6.869755859375000000e+03
1.140000000000000000e+05 4.124005859375000000e+03 6.870279785156250000e+03
1.150000000000000000e+05 4.974741210937500000e+03 6.869999023437500000e+03
1.160000000000000000e+05 5.433294433593750000e+03 6.872307617187500000e+03
1.170000000000000000e+05 3.103830566406250000e+03 6.871096679687500000e+03
1.180000000000000000e+05 4.478586914062500000e+03 6.876997558593750000e+03
1.190000000000000000e+05 2.958638671875000000e+03 6.870591308593750000e+03
1.200000000000000000e+05 8.306106445312500000e+03 6.872849609375000000e+03
1.210000000000000000e+05 4.739750976562500000e+03 6.872033691406250000e+03
1.220000000000000000e+05 6.430043457031250000e+03 6.870373535156250000e+03
1.230000000000000000e+05 1.188771093750000000e+04 6.869358886718750000e+03
1.240000000000000000e+05 7.768625976562500000e+03 6.870275390625000000e+03
1.250000000000000000e+05 6.532731933593750000e+02 6.874501953125000000e+03
1.260000000000000000e+05 7.368459472656250000e+03 6.871016113281250000e+03
1.270000000000000000e+05 1.208303710937500000e+04 6.870829589843750000e+03
1.280000000000000000e+05 6.816052246093750000e+03 6.872203613281250000e+03
1.290000000000000000e+05 1.490403808593750000e+03 6.872471679687500000e+03
1.300000000000000000e+05 6.886309570312500000e+03 6.870914550781250000e+03
1.310000000000000000e+05 4.590887695312500000e+03 6.872065429687500000e+03
1.320000000000000000e+05 8.976367187500000000e+03 6.872516601562500000e+03
1.330000000000000000e+05 4.110830566406250000e+03 6.871638183593750000e+03
1.340000000000000000e+05 6.998969726562500000e+03 6.871731933593750000e+03
1.350000000000000000e+05 8.445489257812500000e+03 6.871663574218750000e+03
1.360000000000000000e+05 5.019621093750000000e+03 6.878240234375000000e+03
1.370000000000000000e+05 1.385756054687500000e+04 6.876556640625000000e+03
1.380000000000000000e+05 3.519561767578125000e+03 6.873386230468750000e+03
1.390000000000000000e+05 7.339631347656250000e+03 6.876591308593750000e+03
1.400000000000000000e+05 7.393293945312500000e+03 6.873289062500000000e+03
1.410000000000000000e+05 4.641278808593750000e+03 6.872255859375000000e+03
1.420000000000000000e+05 3.812618652343750000e+03 6.872687988281250000e+03
1.430000000000000000e+05 7.021034179687500000e+03 6.873524902343750000e+03
1.440000000000000000e+05 1.309211230468750000e+04 6.875274902343750000e+03
1.450000000000000000e+05 6.577417968750000000e+03 6.873117675781250000e+03
1.460000000000000000e+05 3.181526855468750000e+03 6.872646484375000000e+03
1.470000000000000000e+05 4.856447265625000000e+03 6.872363769531250000e+03
1.480000000000000000e+05 7.630062500000000000e+03 6.872545410156250000e+03
1.490000000000000000e+05 4.202558593750000000e+03 6.873503417968750000e+03
1.500000000000000000e+05 6.434805664062500000e+03 6.876590820312500000e+03
1.510000000000000000e+05 4.070061035156250000e+03 6.872903808593750000e+03
1.520000000000000000e+05 4.092867919921875000e+03 6.879518066406250000e+03
1.530000000000000000e+05 6.211095214843750000e+03 6.872543457031250000e+03
1.540000000000000000e+05 1.624554687500000000e+04 6.875192382812500000e+03
1.550000000000000000e+05 6.787783691406250000e+03 6.874385742187500000e+03
1.560000000000000000e+05 6.568714843750000000e+03 6.875839355468750000e+03
1.570000000000000000e+05 9.556954101562500000e+03 6.873306152343750000e+03
1.580000000000000000e+05 1.014521875000000000e+04 6.872622558593750000e+03
1.590000000000000000e+05 3.208169189453125000e+03 6.872598144531250000e+03
1.600000000000000000e+05 5.105309570312500000e+03 6.872700195312500000e+03
1.610000000000000000e+05 6.823056152343750000e+03 6.873008300781250000e+03
1.620000000000000000e+05 1.062789746093750000e+04 6.874034667968750000e+03
1.630000000000000000e+05 7.862553710937500000e+03 6.875390625000000000e+03
1.640000000000000000e+05 4.192165527343750000e+03 6.874515136718750000e+03
1.650000000000000000e+05 1.002456347656250000e+04 6.872621093750000000e+03
1.660000000000000000e+05 5.293406250000000000e+03 6.877010742187500000e+03
1.670000000000000000e+05 1.037064257812500000e+04 6.874624023437500000e+03
1.680000000000000000e+05 4.206286621093750000e+03 6.877619628906250000e+03
1.690000000000000000e+05 7.486813964843750000e+03 6.878671386718750000e+03
1.700000000000000000e+05 5.833239746093750000e+03 6.873554199218750000e+03
1.710000000000000000e+05 8.446969726562500000e+03 6.872880859375000000e+03
1.720000000000000000e+05 5.700455566406250000e+03 6.873454589843750000e+03
1.730000000000000000e+05 3.716409423828125000e+03 6.873608886718750000e+03
1.740000000000000000e+05 8.595901367187500000e+03 6.874228027343750000e+03
1.750000000000000000e+05 1.707976562500000000e+03 6.873940917968750000e+03
1.760000000000000000e+05 7.791483398437500000e+03 6.874235351562500000e+03
1.770000000000000000e+05 5.731156250000000000e+03 6.874271972656250000e+03
1.780000000000000000e+05 7.232078125000000000e+03 6.878341796875000000e+03
1.790000000000000000e+05 9.951304687500000000e+03 6.874615722656250000e+03
1.800000000000000000e+05 5.604184570312500000e+03 6.875066406250000000e+03
1.810000000000000000e+05 8.040329589843750000e+03 6.875802246093750000e+03
1.820000000000000000e+05 1.024317138671875000e+03 6.875060058593750000e+03
1.830000000000000000e+05 9.287981445312500000e+03 6.874665527343750000e+03
1.840000000000000000e+05 1.875290649414062500e+03 6.874343750000000000e+03
1.850000000000000000e+05 7.974096679687500000e+03 6.876736816406250000e+03
1.860000000000000000e+05 1.423423339843750000e+03 6.876269531250000000e+03
1.870000000000000000e+05 6.016888671875000000e+03 6.876715332031250000e+03
1.880000000000000000e+05 2.651491455078125000e+03 6.879825195312500000e+03
1.890000000000000000e+05 5.092036132812500000e+03 6.877094726562500000e+03
1.900000000000000000e+05 4.988073730468750000e+03 6.877114257812500000e+03
1.910000000000000000e+05 2.378824951171875000e+03 6.876818359375000000e+03
1.920000000000000000e+05 5.177882324218750000e+03 6.874811035156250000e+03
1.930000000000000000e+05 8.553929687500000000e+03 6.875444824218750000e+03
1.940000000000000000e+05 8.337930664062500000e+03 6.877917480468750000e+03
1.950000000000000000e+05 1.013849414062500000e+04 6.875171875000000000e+03
1.960000000000000000e+05 4.699515136718750000e+03 6.878981445312500000e+03
1.970000000000000000e+05 4.204278808593750000e+03 6.876144042968750000e+03
1.980000000000000000e+05 5.456992187500000000e+03 6.874242675781250000e+03
1.990000000000000000e+05 3.483608886718750000e+03 6.876699218750000000e+03
2.000000000000000000e+05 2.188772216796875000e+03 6.875165039062500000e+03
2.010000000000000000e+05 2.615496337890625000e+03 6.877853515625000000e+03
2.020000000000000000e+05 9.343818359375000000e+03 6.877650390625000000e+03
2.030000000000000000e+05 1.007209179687500000e+04 6.876895019531250000e+03
2.040000000000000000e+05 5.355062500000000000e+03 6.877120117187500000e+03
2.050000000000000000e+05 2.831231201171875000e+03 6.876800292968750000e+03
2.060000000000000000e+05 7.385760742187500000e+03 6.878666992187500000e+03
2.070000000000000000e+05 6.005159179687500000e+03 6.881947265625000000e+03
2.080000000000000000e+05 3.809448730468750000e+03 6.879178222656250000e+03
2.090000000000000000e+05 5.527657226562500000e+03 6.877182128906250000e+03
2.100000000000000000e+05 2.427710937500000000e+03 6.876003906250000000e+03
2.110000000000000000e+05 6.412529785156250000e+03 6.875941894531250000e+03
2.120000000000000000e+05 5.056330078125000000e+03 6.876660644531250000e+03
2.130000000000000000e+05 4.994965332031250000e+03 6.878734863281250000e+03
2.140000000000000000e+05 1.010856347656250000e+04 6.877948242187500000e+03
2.150000000000000000e+05 3.652489013671875000e+03 6.878186035156250000e+03
2.160000000000000000e+05 3.927311767578125000e+03 6.877188964843750000e+03
2.170000000000000000e+05 2.829025390625000000e+03 6.880862304687500000e+03
2.180000000000000000e+05 4.781794433593750000e+03 6.880146484375000000e+03
2.190000000000000000e+05 7.492885253906250000e+03 6.877894531250000000e+03
2.200000000000000000e+05 8.042062500000000000e+03 6.877312988281250000e+03
2.210000000000000000e+05 1.381843261718750000e+03 6.882598144531250000e+03
2.220000000000000000e+05 9.655757812500000000e+03 6.877453125000000000e+03
2.230000000000000000e+05 7.475945312500000000e+03 6.880470703125000000e+03
2.240000000000000000e+05 9.391740234375000000e+03 6.878523925781250000e+03
2.250000000000000000e+05 9.235807617187500000e+03 6.879446289062500000e+03
2.260000000000000000e+05 7.569528808593750000e+03 6.877771972656250000e+03
2.270000000000000000e+05 7.602446777343750000e+03 6.878203613281250000e+03
2.280000000000000000e+05 3.242236083984375000e+03 6.878310058593750000e+03
2.290000000000000000e+05 5.437133300781250000e+03 6.882580078125000000e+03
2.300000000000000000e+05 4.228500000000000000e+03 6.880725097656250000e+03
2.310000000000000000e+05 1.819759399414062500e+03 6.877520996093750000e+03
2.320000000000000000e+05 6.886690429687500000e+03 6.878835937500000000e+03
2.330000000000000000e+05 1.127849023437500000e+04 6.878161621093750000e+03
2.340000000000000000e+05 8.140055664062500000e+03 6.880219726562500000e+03
2.350000000000000000e+05 4.853774902343750000e+03 6.878054687500000000e+03
2.360000000000000000e+05 2.666074707031250000e+03 6.878780273437500000e+03
2.370000000000000000e+05 6.212319335937500000e+03 6.881741699218750000e+03
2.380000000000000000e+05 6.051388671875000000e+03 6.878420898437500000e+03
2.390000000000000000e+05 3.073844726562500000e+03 6.884190917968750000e+03
2.400000000000000000e+05 4.120990722656250000e+03 6.881530273437500000e+03
2.410000000000000000e+05 5.254039062500000000e+03 6.879640136718750000e+03
2.420000000000000000e+05 5.803959960937500000e+03 6.877968261718750000e+03
2.430000000000000000e+05 3.819068847656250000e+03 6.878687011718750000e+03
2.440000000000000000e+05 1.624571679687500000e+04 6.879379882812500000e+03
2.450000000000000000e+05 6.601682617187500000e+03 6.877507812500000000e+03
2.460000000000000000e+05 7.297456054687500000e+03 6.878739257812500000e+03
2.470000000000000000e+05 5.230920410156250000e+03 6.878907226562500000e+03
2.480000000000000000e+05 3.672444824218750000e+03 6.879922363281250000e+03
2.490000000000000000e+05 4.225671386718750000e+03 6.879120605468750000e+03
2.500000000000000000e+05 5.190967773437500000e+03 6.879786621093750000e+03
2.510000000000000000e+05 1.288109179687500000e+04 6.878634765625000000e+03
2.520000000000000000e+05 6.494510742187500000e+03 6.878898437500000000e+03
2.530000000000000000e+05 5.760639648437500000e+03 6.878302734375000000e+03
2.540000000000000000e+05 4.482307617187500000e+03 6.879599609375000000e+03
2.550000000000000000e+05 4.484868652343750000e+03 6.878625488281250000e+03
2.560000000000000000e+05 7.790998535156250000e+03 6.880627929687500000e+03
2.570000000000000000e+05 6.542259277343750000e+03 6.878226074218750000e+03
2.580000000000000000e+05 1.155212792968750000e+04 6.881376953125000000e+03
2.590000000000000000e+05 2.910671875000000000e+03 6.878187500000000000e+03
2.600000000000000000e+05 7.461776367187500000e+03 6.879032226562500000e+03
2.610000000000000000e+05 3.764890625000000000e+03 6.877944335937500000e+03
2.620000000000000000e+05 7.575797851562500000e+03 6.878129882812500000e+03
2.630000000000000000e+05 3.001955322265625000e+03 6.878073730468750000e+03
2.640000000000000000e+05 3.453243408203125000e+03 6.879005371093750000e+03
2.650000000000000000e+05 2.468988525390625000e+03 6.882416503906250000e+03
2.660000000000000000e+05 4.014667968750000000e+03 6.877544433593750000e+03
2.670000000000000000e+05 8.672434570312500000e+03 6.878756835937500000e+03
2.680000000000000000e+05 9.672200195312500000e+03 6.878184570312500000e+03
2.690000000000000000e+05 1.895218139648437500e+03 6.879328613281250000e+03
2.700000000000000000e+05 3.851811035156250000e+03 6.878919433593750000e+03
2.710000000000000000e+05 6.468146972656250000e+03 6.880073730468750000e+03
2.720000000000000000e+05 4.415248046875000000e+03 6.878201660156250000e+03
2.730000000000000000e+05 5.241221679687500000e+03 6.877923339843750000e+03
2.740000000000000000e+05 8.203771484375000000e+03 6.878623535156250000e+03
2.750000000000000000e+05 3.469897949218750000e+03 6.878945800781250000e+03
2.760000000000000000e+05 9.150394531250000000e+03 6.878391601562500000e+03
2.770000000000000000e+05 2.575820800781250000e+03 6.883811035156250000e+03
2.780000000000000000e+05 2.590173339843750000e+03 6.878270019531250000e+03
2.790000000000000000e+05 8.277541015625000000e+03 6.879903808593750000e+03
2.800000000000000000e+05 5.495441406250000000e+03 6.877804687500000000e+03
2.810000000000000000e+05 8.912159179687500000e+03 6.880290039062500000e+03
2.820000000000000000e+05 1.266169726562500000e+04 6.879712890625000000e+03
2.830000000000000000e+05 1.278617065429687500e+03 6.879411132812500000e+03
2.840000000000000000e+05 7.896114746093750000e+03 6.879554199218750000e+03
2.850000000000000000e+05 4.236331054687500000e+03 6.878566406250000000e+03
2.860000000000000000e+05 4.815076660156250000e+03 6.878489257812500000e+03
2.870000000000000000e+05 8.752071289062500000e+03 6.881711914062500000e+03
2.880000000000000000e+05 7.094059570312500000e+03 6.882822753906250000e+03
2.890000000000000000e+05 3.192461425781250000e+03 6.882912597656250000e+03
2.900000000000000000e+05 3.737287109375000000e+03 6.883047363281250000e+03
2.910000000000000000e+05 1.853580444335937500e+03 6.880842773437500000e+03
2.920000000000000000e+05 1.893193945312500000e+04 6.879963378906250000e+03
2.930000000000000000e+05 1.147296484375000000e+04 6.879983886718750000e+03
2.940000000000000000e+05 6.193258789062500000e+03 6.885909667968750000e+03
2.950000000000000000e+05 9.789701171875000000e+03 6.881147460937500000e+03
2.960000000000000000e+05 3.552787597656250000e+03 6.883975585937500000e+03
2.970000000000000000e+05 4.185555664062500000e+03 6.881607421875000000e+03
2.980000000000000000e+05 8.444850585937500000e+03 6.879535644531250000e+03
2.990000000000000000e+05 1.275395312500000000e+04 6.883658691406250000e+03
3.000000000000000000e+05 2.103041748046875000e+03 6.880676269531250000e+03
3.010000000000000000e+05 6.764045410156250000e+03 6.881806640625000000e+03
3.020000000000000000e+05 3.040730712890625000e+03 6.880415527343750000e+03
3.030000000000000000e+05 1.089193554687500000e+04 6.885768554687500000e+03
3.040000000000000000e+05 8.466217773437500000e+03 6.881997558593750000e+03
3.050000000000000000e+05 5.952518554687500000e+03 6.881804199218750000e+03
3.060000000000000000e+05 7.127163085937500000e+03 6.880287597656250000e+03
3.070000000000000000e+05 6.037385742187500000e+03 6.883255371093750000e+03
3.080000000000000000e+05 8.394130859375000000e+03 6.881683593750000000e+03
3.090000000000000000e+05 8.846153320312500000e+03 6.881409179687500000e+03
3.100000000000000000e+05 8.440267578125000000e+03 6.881034667968750000e+03
3.110000000000000000e+05 6.381300292968750000e+03 6.881547851562500000e+03
3.120000000000000000e+05 4.368729492187500000e+03 6.881262695312500000e+03
3.130000000000000000e+05 8.002257812500000000e+03 6.882216796875000000e+03
3.140000000000000000e+05 9.012063476562500000e+03 6.885433593750000000e+03
3.150000000000000000e+05 4.938795898437500000e+03 6.881560058593750000e+03
3.160000000000000000e+05 3.931878906250000000e+03 6.883016601562500000e+03
3.170000000000000000e+05 7.083152343750000000e+03 6.881172851562500000e+03
3.180000000000000000e+05 3.212690185546875000e+03 6.880635253906250000e+03
3.190000000000000000e+05 7.536429687500000000e+03 6.880367675781250000e+03
3.200000000000000000e+05 1.240335839843750000e+04 6.883177246093750000e+03
3.210000000000000000e+05 3.802946533203125000e+03 6.881662109375000000e+03
3.220000000000000000e+05 7.707279785156250000e+03 6.882926757812500000e+03
3.230000000000000000e+05 1.154872265625000000e+04 6.883479003906250000e+03
3.240000000000000000e+05 1.020681738281250000e+04 6.880247558593750000e+03
3.250000000000000000e+05 6.203592285156250000e+03 6.881228027343750000e+03
3.260000000000000000e+05 8.088465820312500000e+03 6.882796875000000000e+03
3.270000000000000000e+05 1.690020117187500000e+04 6.882178222656250000e+03
3.280000000000000000e+05 2.387674316406250000e+03 6.881522949218750000e+03
3.290000000000000000e+05 6.218505371093750000e+03 6.882261230468750000e+03
3.300000000000000000e+05 1.117788769531250000e+04 6.882330566406250000e+03
3.310000000000000000e+05 6.344655273437500000e+03 6.883323730468750000e+03
3.320000000000000000e+05 7.044603027343750000e+03 6.880878906250000000e+03
3.330000000000000000e+05 3.934821777343750000e+03 6.880770996093750000e+03
3.340000000000000000e+05 3.670860595703125000e+03 6.880916015625000000e+03
3.350000000000000000e+05 1.738099853515625000e+03 6.881931640625000000e+03
3.360000000000000000e+05 9.160275390625000000e+03 6.883710937500000000e+03
3.370000000000000000e+05 4.639925781250000000e+03 6.881838867187500000e+03
3.380000000000000000e+05 3.027223388671875000e+03 6.881127929687500000e+03
3.390000000000000000e+05 4.003355468750000000e+03 6.881984375000000000e+03
3.400000000000000000e+05 9.541250976562500000e+03 6.882436035156250000e+03
3.410000000000000000e+05 2.806693115234375000e+03 6.882009277343750000e+03
3.420000000000000000e+05 4.066886718750000000e+03 6.881880859375000000e+03
3.430000000000000000e+05 5.046958007812500000e+03 6.883194335937500000e+03
3.440000000000000000e+05 8.722864257812500000e+03 6.882945800781250000e+03
3.450000000000000000e+05 8.300187500000000000e+03 6.882210937500000000e+03
3.460000000000000000e+05 5.511416015625000000e+03 6.884125488281250000e+03
3.470000000000000000e+05 5.738476562500000000e+03 6.883230957031250000e+03
3.480000000000000000e+05 1.065112500000000000e+04 6.884283203125000000e+03
3.490000000000000000e+05 5.955707031250000000e+03 6.885080566406250000e+03
3.500000000000000000e+05 5.735635253906250000e+03 6.885129882812500000e+03
3.510000000000000000e+05 1.926771728515625000e+03 6.886164550781250000e+03
3.520000000000000000e+05 8.531351562500000000e+03 6.886249023437500000e+03
3.530000000000000000e+05 5.558634277343750000e+03 6.885447753906250000e+03
3.540000000000000000e+05 5.726922851562500000e+03 6.885665039062500000e+03
3.550000000000000000e+05 3.800920410156250000e+03 6.884903320312500000e+03
3.560000000000000000e+05 5.142822265625000000e+03 6.883861816406250000e+03
3.570000000000000000e+05 6.248444335937500000e+03 6.884891113281250000e+03
3.580000000000000000e+05 7.579231445312500000e+03 6.884008789062500000e+03
3.590000000000000000e+05 1.021639941406250000e+04 6.884621093750000000e+03
3.600000000000000000e+05 7.125540039062500000e+03 6.883366699218750000e+03
3.610000000000000000e+05 4.602912597656250000e+03 6.885163085937500000e+03
3.620000000000000000e+05 4.843149414062500000e+03 6.885479492187500000e+03
3.630000000000000000e+05 6.925890625000000000e+03 6.884593750000000000e+03
3.640000000000000000e+05 3.589942871093750000e+03 6.886258789062500000e+03
3.650000000000000000e+05 1.077125195312500000e+04 6.885082031250000000e+03
3.660000000000000000e+05 8.506497070312500000e+03 6.884628906250000000e+03
3.670000000000000000e+05 2.907755615234375000e+03 6.887052246093750000e+03
3.680000000000000000e+05 3.160073730468750000e+03 6.883602050781250000e+03
3.690000000000000000e+05 6.241132324218750000e+03 6.889068359375000000e+03
3.700000000000000000e+05 9.458966796875000000e+03 6.886411132812500000e+03
3.710000000000000000e+05 8.241158203125000000e+03 6.885245605468750000e+03
3.720000000000000000e+05 8.420474609375000000e+03 6.886974609375000000e+03
3.730000000000000000e+05 5.364398437500000000e+03 6.885175781250000000e+03
3.740000000000000000e+05 7.727188964843750000e+03 6.885693847656250000e+03
3.750000000000000000e+05 2.407393066406250000e+03 6.884834472656250000e+03
3.760000000000000000e+05 6.207250976562500000e+03 6.884726562500000000e+03
3.770000000000000000e+05 9.766658203125000000e+03 6.885469238281250000e+03
3.780000000000000000e+05 9.581642578125000000e+03 6.885282714843750000e+03
3.790000000000000000e+05 4.622197753906250000e+03 6.885047851562500000e+03
3.800000000000000000e+05 1.054439941406250000e+04 6.885287597656250000e+03
3.810000000000000000e+05 6.475464843750000000e+03 6.885477050781250000e+03
3.820000000000000000e+05 1.075903027343750000e+04 6.885166015625000000e+03
3.830000000000000000e+05 1.887937866210937500e+03 6.885854003906250000e+03
3.840000000000000000e+05 5.668500976562500000e+03 6.887440429687500000e+03
3.850000000000000000e+05 5.498665039062500000e+03 6.888310546875000000e+03
3.860000000000000000e+05 3.029264160156250000e+03 6.893215332031250000e+03
3.870000000000000000e+05 1.170833789062500000e+04 6.886693359375000000e+03
3.880000000000000000e+05 1.112481054687500000e+04 6.889006835937500000e+03
3.890000000000000000e+05 6.242895507812500000e+03 6.890572753906250000e+03
3.900000000000000000e+05 4.039922607421875000e+03 6.887694335937500000e+03
3.910000000000000000e+05 5.292454589843750000e+03 6.889349121093750000e+03
3.920000000000000000e+05 1.009152636718750000e+04 6.884732910156250000e+03
3.930000000000000000e+05 9.248521484375000000e+03 6.884875976562500000e+03
3.940000000000000000e+05 7.183281250000000000e+03 6.885275878906250000e+03
3.950000000000000000e+05 3.146857910156250000e+03 6.885224609375000000e+03
3.960000000000000000e+05 7.723268554687500000e+03 6.886174316406250000e+03
3.970000000000000000e+05 9.044716796875000000e+03 6.886140136718750000e+03
3.980000000000000000e+05 5.013116699218750000e+03 6.885699218750000000e+03
3.990000000000000000e+05 8.360158203125000000e+03 6.886140625000000000e+03
4.000000000000000000e+05 1.791715087890625000e+03 6.884661132812500000e+03
4.010000000000000000e+05 9.030286132812500000e+03 6.886295898437500000e+03
4.020000000000000000e+05 8.668726562500000000e+03 6.885988281250000000e+03
4.030000000000000000e+05 7.410927246093750000e+03 6.885379882812500000e+03
4.040000000000000000e+05 1.288027050781250000e+04 6.887294921875000000e+03
4.050000000000000000e+05 4.278448730468750000e+03 6.887618652343750000e+03
4.060000000000000000e+05 4.437651855468750000e+03 6.886932617187500000e+03
4.070000000000000000e+05 3.028798095703125000e+03 6.886277832031250000e+03
4.080000000000000000e+05 9.035596679687500000e+03 6.888061523437500000e+03
4.090000000000000000e+05 6.586364746093750000e+03 6.887112792968750000e+03
4.100000000000000000e+05 3.447471191406250000e+03 6.886113281250000000e+03
4.110000000000000000e+05 5.057951660156250000e+03 6.886490234375000000e+03
4.120000000000000000e+05 3.541394042968750000e+03 6.888334960937500000e+03
4.130000000000000000e+05 6.721224121093750000e+03 6.886574218750000000e+03
4.140000000000000000e+05 7.898074218750000000e+03 6.886136230468750000e+03
4.150000000000000000e+05 4.970096679687500000e+03 6.888005859375000000e+03
4.160000000000000000e+05 8.521405273437500000e+03 6.889398437500000000e+03
4.170000000000000000e+05 1.015491210937500000e+04 6.886009277343750000e+03
4.180000000000000000e+05 7.666739746093750000e+03 6.886433105468750000e+03
4.190000000000000000e+05 7.452043945312500000e+03 6.886510253906250000e+03
4.200000000000000000e+05 5.134246093750000000e+03 6.886594238281250000e+03
4.210000000000000000e+05 6.317282714843750000e+03 6.886930664062500000e+03
4.220000000000000000e+05 5.673153808593750000e+03 6.888854492187500000e+03
4.230000000000000000e+05 6.553235351562500000e+03 6.887797363281250000e+03
4.240000000000000000e+05 2.617478759765625000e+03 6.886416503906250000e+03
4.250000000000000000e+05 5.770360839843750000e+03 6.887419921875000000e+03
4.260000000000000000e+05 1.106788867187500000e+04 6.887944824218750000e+03
4.270000000000000000e+05 1.230058007812500000e+04 6.888406738281250000e+03
4.280000000000000000e+05 5.929791992187500000e+03 6.887129394531250000e+03
4.290000000000000000e+05 3.618826660156250000e+03 6.889162109375000000e+03
4.300000000000000000e+05 5.964618164062500000e+03 6.887469238281250000e+03
4.310000000000000000e+05 6.079860351562500000e+03 6.887809082031250000e+03
4.320000000000000000e+05 3.267696777343750000e+03 6.886240234375000000e+03
4.330000000000000000e+05 2.318220458984375000e+03 6.885880371093750000e+03
4.340000000000000000e+05 6.329350585937500000e+03 6.887479003906250000e+03
4.350000000000000000e+05 3.445323730468750000e+03 6.890120605468750000e+03
4.360000000000000000e+05 4.160831542968750000e+03 6.886731933593750000e+03
4.370000000000000000e+05 7.512743652343750000e+03 6.888649414062500000e+03
4.380000000000000000e+05 4.343878906250000000e+03 6.888915527343750000e+03
4.390000000000000000e+05 1.257171679687500000e+04 6.888233886718750000e+03
4.400000000000000000e+05 2.406722656250000000e+03 6.888243164062500000e+03
4.410000000000000000e+05 5.134569824218750000e+03 6.887232910156250000e+03
4.420000000000000000e+05 4.912221191406250000e+03 6.888102539062500000e+03
4.430000000000000000e+05 5.857178710937500000e+03 6.890437011718750000e+03
4.440000000000000000e+05 3.948107910156250000e+03 6.892443847656250000e+03
4.450000000000000000e+05 4.344178222656250000e+03 6.888042480468750000e+03
4.460000000000000000e+05 6.411326660156250000e+03 6.888629882812500000e+03
4.470000000000000000e+05 4.039298828125000000e+03 6.888864746093750000e+03
4.480000000000000000e+05 7.286486816406250000e+03 6.887856933593750000e+03
4.490000000000000000e+05 3.112237548828125000e+03 6.889907714843750000e+03
4.500000000000000000e+05 4.497337402343750000e+03 6.887592285156250000e+03
4.510000000000000000e+05 2.241486572265625000e+03 6.888023437500000000e+03
4.520000000000000000e+05 6.275195312500000000e+03 6.888795898437500000e+03
4.530000000000000000e+05 2.177417236328125000e+03 6.888721679687500000e+03
4.540000000000000000e+05 8.811611328125000000e+03 6.888581054687500000e+03
4.550000000000000000e+05 6.382221679687500000e+03 6.887967773437500000e+03
4.560000000000000000e+05 2.398767822265625000e+03 6.888999511718750000e+03
4.570000000000000000e+05 6.436618164062500000e+03 6.892427246093750000e+03
4.580000000000000000e+05 8.675800781250000000e+03 6.889393554687500000e+03
4.590000000000000000e+05 6.250381835937500000e+03 6.889114257812500000e+03
4.600000000000000000e+05 3.121202880859375000e+03 6.891242187500000000e+03
4.610000000000000000e+05 3.732592285156250000e+03 6.889695800781250000e+03
4.620000000000000000e+05 7.016625000000000000e+03 6.890618164062500000e+03
4.630000000000000000e+05 9.144040039062500000e+03 6.889943847656250000e+03
4.640000000000000000e+05 5.113508789062500000e+03 6.890411132812500000e+03
4.650000000000000000e+05 5.179358398437500000e+03 6.889320312500000000e+03
4.660000000000000000e+05 9.095463867187500000e+03 6.889311035156250000e+03
4.670000000000000000e+05 8.823185546875000000e+03 6.890549804687500000e+03
4.680000000000000000e+05 9.375972656250000000e+03 6.889751953125000000e+03
4.690000000000000000e+05 7.991186035156250000e+03 6.891834960937500000e+03
4.700000000000000000e+05 1.191827148437500000e+04 6.890641601562500000e+03
4.710000000000000000e+05 4.228343750000000000e+03 6.889291992187500000e+03
4.720000000000000000e+05 2.374661376953125000e+03 6.890257324218750000e+03
4.730000000000000000e+05 7.605686523437500000e+03 6.893803222656250000e+03
4.740000000000000000e+05 5.506352050781250000e+03 6.889061035156250000e+03
4.750000000000000000e+05 4.656915039062500000e+03 6.895407226562500000e+03
4.760000000000000000e+05 8.365445312500000000e+03 6.890224121093750000e+03
4.770000000000000000e+05 4.101295410156250000e+03 6.890796875000000000e+03
4.780000000000000000e+05 4.710417968750000000e+03 6.889352050781250000e+03
4.790000000000000000e+05 4.145519042968750000e+03 6.890528320312500000e+03
4.800000000000000000e+05 5.435871582031250000e+03 6.889188476562500000e+03
4.810000000000000000e+05 6.511043457031250000e+03 6.890720703125000000e+03
4.820000000000000000e+05 5.897375976562500000e+03 6.889721191406250000e+03
4.830000000000000000e+05 8.791338867187500000e+03 6.891782714843750000e+03
4.840000000000000000e+05 1.055201367187500000e+04 6.890083496093750000e+03
4.850000000000000000e+05 8.174106933593750000e+03 6.889762695312500000e+03
4.860000000000000000e+05 6.045907226562500000e+03 6.894948242187500000e+03
4.870000000000000000e+05 8.756484375000000000e+03 6.893052734375000000e+03
4.880000000000000000e+05 1.272227929687500000e+04 6.894770019531250000e+03
4.890000000000000000e+05 8.784220703125000000e+03 6.892171386718750000e+03
4.900000000000000000e+05 7.857651367187500000e+03 6.892922851562500000e+03
4.910000000000000000e+05 9.561085937500000000e+03 6.890943847656250000e+03
4.920000000000000000e+05 5.202848632812500000e+03 6.891546386718750000e+03
4.930000000000000000e+05 2.391754638671875000e+03 6.892166503906250000e+03
4.940000000000000000e+05 5.255444335937500000e+03 6.894179199218750000e+03
4.950000000000000000e+05 1.143544531250000000e+04 6.890983886718750000e+03
4.960000000000000000e+05 1.060289648437500000e+04 6.891047851562500000e+03
4.970000000000000000e+05 6.708670898437500000e+03 6.892163085937500000e+03
4.980000000000000000e+05 5.934368164062500000e+03 6.891453613281250000e+03
4.990000000000000000e+05 5.980258789062500000e+03 6.891845703125000000e+03
5.000000000000000000e+05 2.539260253906250000e+03 6.891809082031250000e+03
