0.000000000000000000e+00 1.477702050781250000e+04 9.705338867187500000e+03
1.000000000000000000e+03 5.126130371093750000e+03 7.189156250000000000e+03
2.000000000000000000e+03 5.925025878906250000e+03 7.194936035156250000e+03
3.000000000000000000e+03 7.324221191406250000e+03 7.195438476562500000e+03
4.000000000000000000e+03 5.847541503906250000e+03 7.198883789062500000e+03
5.000000000000000000e+03 2.939812500000000000e+03 7.194973144531250000e+03
6.000000000000000000e+03 5.508624023437500000e+03 7.185270019531250000e+03
7.000000000000000000e+03 4.286118164062500000e+03 7.199519042968750000e+03
8.000000000000000000e+03 9.209059570312500000e+03 7.226992675781250000e+03
9.000000000000000000e+03 1.448013671875000000e+03 7.199074218750000000e+03
1.000000000000000000e+04 5.435862304687500000e+03 7.198273437500000000e+03
